datetime,open,high,low,close
1756375140,42071.85,42072.08,42035.36,42072.08
1756375080,42048.15,42059.27,42044.25,42053.67
1756375020,42047.54,42050.98,42039.44,42050.98
1756374960,42052.17,42054.87,42049.85,42049.85
1756374900,42057.23,42057.23,42048.89,42052.73
1756374840,42053.46,42058.36,42039.54,42058.36
1756374780,42059.6,42062.02,42053.13,42053.91
1756374720,42061.88,42063.48,42057.4,42057.4
1756374660,42063.12,42065.66,42061.02,42061.02
1756374600,42069.4,42069.4,42062.68,42064.28
1756374540,42076.3,42076.3,42069.77,42074.8
1756374480,42053.96,42073.09,42053.09,42071.15
1756374420,42043.83,42053.5,42041.0,42053.5
1756374360,42057.51,42057.51,42043.18,42046.67
1756374300,42065.75,42065.75,42052.03,42056.75
1756374240,42068.71,42074.15,42065.11,42066.43
1756374180,42085.12,42085.12,42070.36,42070.36
1756374120,42082.6,42090.37,42081.79,42085.72
1756374060,42082.44,42085.19,42079.68,42079.68
1756374000,42082.22,42082.22,42070.95,42081.38
1756373940,42077.28,42080.26,42073.82,42080.26
1756373880,42080.2,42080.64,42074.65,42080.64
1756373820,42091.47,42091.47,42077.46,42080.34
1756373760,42095.39,42099.45,42083.19,42083.87
1756373700,42092.53,42095.85,42086.78,42089.97
1756373640,42114.74,42114.74,42102.07,42102.07
1756373580,42125.36,42127.98,42117.73,42117.73
1756373520,42118.71,42127.95,42116.92,42127.95
1756373460,42135.9,42135.9,42120.28,42120.28
1756373400,42162.54,42164.15,42138.13,42138.13
1756373340,42158.57,42158.57,42149.51,42150.41
1756373280,42163.48,42170.93,42163.48,42166.65
1756373220,42162.16,42166.27,42158.12,42166.27
1756373160,42167.33,42167.33,42161.27,42161.27
1756373100,42175.03,42177.35,42170.47,42170.47
1756373040,42174.76,42179.94,42174.76,42177.01
1756372980,42169.07,42174.32,42167.86,42171.07
1756372920,42172.26,42172.26,42168.01,42168.96
1756372860,42177.31,42177.31,42172.32,42172.94
1756372800,42174.71,42175.7,42171.44,42175.7
1756372740,42176.46,42179.75,42174.56,42174.56
1756372680,42175.61,42180.26,42174.01,42176.88
1756372620,42180.33,42180.33,42172.34,42174.7
1756372560,42199.83,42199.83,42184.74,42184.74
1756372500,42207.15,42209.88,42199.14,42199.14
1756372440,42216.37,42216.37,42206.41,42206.41
1756372380,42231.1,42231.1,42221.88,42224.2
1756372320,42250.04,42250.04,42236.22,42236.22
1756372260,42255.03,42256.67,42247.91,42247.91
1756372200,42254.36,42256.35,42253.54,42255.37
1756372140,42253.44,42258.97,42253.44,42255.79
1756372080,42263.49,42263.49,42255.55,42255.55
1756372020,42259.43,42262.05,42258.96,42262.05
1756371960,42253.44,42260.08,42253.44,42259.3
1756371900,42266.86,42266.86,42255.21,42255.21
1756371840,42280.72,42283.0,42269.5,42269.5
1756371780,42301.13,42301.13,42282.52,42282.52
1756371720,42314.27,42316.8,42302.83,42302.83
1756371660,42307.75,42315.43,42307.75,42315.43
1756371600,42309.0,42309.02,42306.78,42307.96
1756371540,42310.84,42313.82,42309.72,42309.81
1756371480,42305.97,42309.92,42303.99,42308.97
1756371420,42312.98,42314.07,42306.53,42306.53
1756371360,42328.17,42328.17,42316.73,42316.73
1756371300,42328.11,42331.23,42328.11,42329.39
1756371240,42328.34,42330.71,42326.86,42330.71
1756371180,42326.6,42327.28,42325.59,42327.28
1756371120,42323.79,42327.87,42323.79,42324.84
1756371060,42318.13,42322.87,42318.13,42322.67
1756371000,42310.51,42310.78,42306.02,42307.53
1756370940,42311.11,42311.11,42306.76,42306.76
1756370880,42310.68,42310.68,42304.17,42308.62
1756370820,42315.42,42315.42,42306.8,42312.11
1756370760,42315.59,42322.5,42314.56,42314.56
1756370700,42311.02,42315.16,42310.98,42310.98
1756370640,42310.01,42313.35,42309.74,42311.29
1756370580,42314.28,42314.54,42310.3,42310.42
1756370520,42319.99,42319.99,42316.1,42316.1
1756370460,42298.08,42318.76,42298.08,42318.76
1756370400,42284.06,42302.88,42284.06,42300.01
1756370340,42286.44,42287.51,42284.09,42284.95
1756370280,42277.84,42281.48,42277.84,42281.48
1756370220,42273.58,42278.12,42273.58,42276.17
1756370160,42268.41,42275.19,42265.07,42273.3
1756370100,42269.37,42272.48,42265.07,42268.56
1756370040,42270.89,42270.89,42265.92,42269.97
1756369980,42270.01,42275.21,42270.01,42272.33
1756369920,42273.19,42275.18,42270.86,42270.86
1756369860,42274.43,42274.43,42273.39,42274.18
1756369800,42272.62,42274.36,42270.95,42274.36
1756369740,42266.21,42272.33,42266.21,42272.33
1756369680,42258.58,42267.12,42256.18,42267.12
1756369620,42254.02,42258.99,42254.02,42258.99
1756369560,42246.05,42255.31,42246.05,42255.31
1756369500,42241.85,42248.52,42241.81,42247.25
1756369440,42241.92,42245.13,42241.73,42242.73
1756369380,42245.92,42247.32,42241.63,42241.63
1756369320,42251.58,42253.92,42244.85,42245.55
1756369260,42258.38,42259.69,42251.18,42252.04
1756369200,42261.46,42263.38,42257.2,42257.2
1756369140,42258.25,42259.32,42257.99,42258.32
1756369080,42252.92,42262.49,42252.92,42260.32
1756369020,42251.89,42255.36,42251.33,42255.36
1756368960,42255.78,42256.68,42253.5,42254.09
1756368900,42257.89,42258.67,42254.85,42258.67
1756368840,42258.06,42258.06,42255.2,42257.32
1756368780,42251.73,42258.37,42250.89,42258.37
1756368720,42252.11,42254.03,42250.43,42254.03
1756368660,42258.13,42258.13,42252.78,42254.39
1756368600,42259.76,42265.91,42258.8,42265.64
1756368540,42252.49,42261.22,42252.49,42257.08
1756368480,42252.3,42255.77,42252.3,42253.42
1756368420,42253.07,42254.41,42250.57,42253.45
1756368360,42252.39,42252.74,42249.47,42251.91
1756368300,42265.48,42265.48,42249.39,42252.28
1756368240,42265.44,42267.75,42264.5,42264.5
1756368180,42273.91,42274.89,42270.42,42270.42
1756368120,42275.88,42278.11,42275.4,42275.4
1756368060,42275.65,42275.65,42272.66,42272.85
1756368000,42269.84,42273.94,42269.84,42272.14
1756367940,42270.53,42272.33,42269.64,42271.9
1756367880,42273.23,42273.23,42265.43,42265.43
1756367820,42269.29,42273.17,42269.29,42273.17
1756367760,42268.52,42272.08,42268.52,42269.82
1756367700,42262.57,42266.52,42259.44,42266.52
1756367640,42263.0,42263.0,42260.74,42262.68
1756367580,42265.34,42269.4,42265.34,42265.89
1756367520,42269.68,42269.68,42263.32,42263.32
1756367460,42268.85,42273.77,42266.82,42266.82
1756367400,42267.99,42270.57,42266.69,42266.69
1756367340,42262.07,42268.25,42258.37,42268.25
1756367280,42269.23,42269.59,42261.97,42264.09
1756367220,42266.86,42270.66,42266.86,42270.66
1756367160,42266.36,42271.11,42266.36,42269.32
1756367100,42264.25,42266.07,42259.4,42266.07
1756367040,42268.07,42271.42,42263.93,42263.93
1756366980,42265.56,42270.76,42263.55,42266.42
1756366920,42259.84,42265.1,42256.93,42265.1
1756366860,42260.65,42262.79,42259.06,42262.79
1756366800,42255.71,42258.64,42251.49,42258.64
1756366740,42264.7,42264.7,42254.83,42254.83
1756366680,42265.74,42266.83,42264.87,42264.87
1756366620,42269.06,42272.35,42266.85,42266.85
1756366560,42278.87,42281.95,42271.81,42271.81
1756366500,42277.57,42278.44,42275.8,42276.75
1756366440,42272.68,42272.96,42271.15,42272.75
1756366380,42278.9,42278.9,42271.24,42274.43
1756366320,42280.21,42281.81,42280.21,42281.54
1756366260,42299.13,42299.13,42287.8,42287.8
1756366200,42309.41,42309.41,42298.01,42298.01
1756366140,42325.64,42325.64,42313.49,42313.49
1756366080,42328.68,42331.5,42328.1,42328.74
1756366020,42329.51,42331.76,42329.51,42331.66
1756365960,42331.09,42331.2,42327.82,42328.82
1756365900,42322.66,42328.15,42322.66,42327.67
1756365840,42334.22,42334.22,42326.09,42326.09
1756365780,42332.55,42334.26,42328.47,42332.87
1756365720,42338.81,42339.04,42336.07,42336.07
1756365660,42342.6,42343.61,42336.73,42340.21
1756365600,42343.45,42345.15,42341.17,42345.15
1756365540,42345.33,42345.98,42340.01,42340.01
1756365480,42331.89,42340.57,42330.3,42340.57
1756365420,42332.09,42332.09,42330.23,42330.23
1756365360,42327.18,42333.14,42327.18,42333.14
1756365300,42322.84,42327.59,42319.9,42327.59
1756365240,42322.65,42322.65,42318.96,42320.67
1756365180,42334.23,42334.23,42323.86,42323.86
1756365120,42336.59,42339.67,42336.28,42338.82
1756365060,42342.34,42342.34,42334.24,42335.62
1756365000,42345.83,42345.83,42339.92,42342.64
1756364940,42348.78,42348.78,42344.15,42347.39
1756364880,42354.5,42354.87,42346.75,42346.75
1756364820,42364.8,42365.39,42356.82,42356.82
1756364760,42372.44,42372.44,42368.74,42368.74
1756364700,42376.95,42379.27,42375.61,42375.93
1756364640,42373.22,42377.09,42373.22,42377.09
1756364580,42362.98,42369.79,42361.56,42369.79
1756364520,42356.99,42361.9,42356.99,42361.9
1756364460,42378.08,42378.08,42357.69,42357.69
1756364400,42377.39,42378.75,42377.08,42377.27
1756364340,42369.29,42373.7,42367.54,42373.7
1756364280,42368.82,42369.57,42366.3,42369.57
1756364220,42368.72,42369.08,42364.3,42369.08
1756364160,42365.51,42371.16,42365.51,42369.99
1756364100,42363.3,42366.15,42363.3,42364.72
1756364040,42376.65,42376.65,42366.33,42366.33
1756363980,42370.1,42373.28,42366.76,42372.02
1756363920,42378.31,42379.96,42377.36,42377.36
1756363860,42382.55,42383.56,42377.13,42379.81
1756363800,42392.44,42392.44,42382.54,42382.54
1756363740,42399.36,42399.36,42392.06,42392.16
1756363680,42411.76,42411.76,42404.27,42404.27
1756363620,42415.34,42415.34,42411.89,42411.89
1756363560,42423.71,42423.71,42417.45,42417.51
1756363500,42416.18,42423.85,42416.18,42423.85
1756363440,42420.57,42421.3,42412.62,42412.62
1756363380,42420.2,42422.04,42419.2,42420.51
1756363320,42419.58,42421.8,42416.63,42416.63
1756363260,42415.14,42419.46,42415.14,42418.08
1756363200,42413.02,42417.02,42413.02,42417.02
1756363140,42411.18,42414.8,42410.68,42412.13
1756363080,42415.91,42415.91,42411.37,42411.52
1756363020,42421.98,42421.98,42417.19,42420.57
1756362960,42416.3,42421.92,42416.3,42416.5
1756362900,42412.89,42414.42,42409.79,42414.42
1756362840,42403.4,42412.21,42403.4,42411.35
1756362780,42409.67,42409.67,42401.03,42403.75
1756362720,42408.66,42412.45,42406.68,42406.68
1756362660,42415.9,42417.19,42412.47,42412.47
1756362600,42409.11,42415.72,42409.11,42415.72
1756362540,42414.97,42414.97,42405.08,42407.97
1756362480,42420.71,42422.15,42412.73,42414.6
1756362420,42414.99,42419.92,42414.94,42419.92
1756362360,42419.19,42421.55,42417.78,42418.61
1756362300,42430.71,42431.15,42419.85,42422.62
1756362240,42439.21,42439.21,42434.37,42434.37
1756362180,42439.65,42444.36,42439.65,42444.01
1756362120,42442.85,42443.58,42435.35,42437.66
1756362060,42447.81,42448.41,42441.85,42441.85
1756362000,42452.44,42452.44,42448.06,42448.06
1756361940,42450.39,42454.59,42450.39,42453.63
1756361880,42450.63,42452.05,42447.75,42449.2
1756361820,42453.4,42457.67,42453.4,42456.08
1756361760,42443.73,42452.4,42443.73,42452.4
1756361700,42451.39,42455.52,42445.15,42445.15
1756361640,42457.93,42458.21,42450.95,42450.95
1756361580,42458.44,42459.91,42455.32,42455.32
1756361520,42461.67,42461.74,42458.39,42458.39
1756361460,42466.99,42468.68,42464.13,42464.94
1756361400,42462.38,42468.76,42462.38,42467.38
1756361340,42465.92,42465.92,42455.2,42461.87
1756361280,42470.91,42470.91,42468.61,42468.61
1756361220,42474.32,42474.32,42470.97,42471.98
1756361160,42472.21,42476.11,42472.21,42476.11
1756361100,42467.81,42473.75,42467.81,42473.75
1756361040,42459.92,42467.12,42459.92,42465.53
1756360980,42455.86,42463.59,42455.86,42461.82
1756360920,42448.84,42452.03,42448.84,42451.65
1756360860,42450.63,42450.87,42448.35,42449.55
1756360800,42448.75,42450.97,42446.74,42449.84
1756360740,42456.11,42456.11,42449.08,42449.08
1756360680,42463.12,42463.62,42458.89,42458.89
1756360620,42474.68,42474.68,42465.33,42468.13
1756360560,42480.0,42480.0,42474.59,42476.0
1756360500,42476.88,42478.93,42476.1,42476.1
1756360440,42474.61,42478.95,42474.61,42478.95
1756360380,42464.95,42471.58,42464.95,42470.01
1756360320,42471.04,42472.48,42463.54,42463.54
1756360260,42485.55,42485.55,42474.95,42474.95
1756360200,42476.69,42479.33,42476.69,42479.33
1756360140,42482.13,42482.52,42474.02,42474.02
1756360080,42489.8,42496.01,42485.09,42485.09
1756360020,42481.31,42486.83,42481.31,42486.83
1756359960,42489.96,42489.96,42482.6,42483.31
1756359900,42483.42,42488.26,42481.08,42486.64
1756359840,42483.63,42486.17,42482.42,42485.06
1756359780,42486.34,42486.34,42481.7,42481.7
1756359720,42472.61,42489.52,42472.61,42485.29
1756359660,42475.64,42475.64,42473.65,42473.65
1756359600,42483.45,42485.72,42473.44,42473.44
1756359540,42489.0,42493.57,42486.85,42489.39
1756359480,42492.73,42493.62,42486.76,42490.97
1756359420,42497.02,42499.4,42494.92,42496.15
1756359360,42497.95,42501.7,42497.5,42497.5
1756359300,42473.15,42487.28,42473.15,42487.28
1756359240,42475.28,42475.64,42469.04,42469.04
1756359180,42474.29,42474.29,42469.35,42473.37
1756359120,42469.91,42473.61,42469.91,42471.4
1756359060,42480.65,42480.65,42469.39,42469.53
1756359000,42495.46,42495.46,42482.79,42482.79
1756358940,42499.86,42499.86,42491.54,42497.82
1756358880,42476.15,42500.73,42476.15,42499.48
1756358820,42470.42,42475.72,42470.42,42474.2
1756358760,42475.57,42475.57,42464.49,42470.73
1756358700,42481.91,42482.75,42470.29,42470.29
1756358640,42479.27,42483.52,42479.27,42483.52
1756358580,42486.57,42486.57,42479.6,42479.72
1756358520,42480.59,42486.47,42480.59,42486.47
1756358460,42489.71,42489.71,42483.75,42485.32
1756358400,42483.99,42487.87,42483.99,42487.87
1756358340,42474.95,42486.4,42474.95,42486.4
1756358280,42459.39,42470.01,42459.39,42470.01
1756358220,42451.23,42457.38,42448.62,42457.38
1756358160,42440.95,42447.3,42439.19,42447.3
1756358100,42436.37,42440.39,42436.18,42438.56
1756358040,42435.48,42439.44,42432.94,42432.94
1756357980,42435.43,42435.43,42428.85,42434.13
1756357920,42448.52,42448.52,42436.18,42436.18
1756357860,42452.21,42452.21,42444.57,42447.65
1756357800,42446.33,42454.51,42444.38,42452.61
1756357740,42449.75,42451.09,42447.59,42448.59
1756357680,42447.3,42448.69,42447.3,42448.62
1756357620,42446.07,42446.07,42440.17,42443.82
1756357560,42446.16,42453.98,42446.16,42446.68
1756357500,42417.29,42438.69,42417.29,42438.69
1756357440,42393.66,42412.33,42393.66,42412.33
1756357380,42390.36,42397.98,42390.15,42390.15
1756357320,42386.1,42390.77,42386.1,42389.47
1756357260,42387.45,42389.82,42385.58,42385.58
1756357200,42379.4,42385.38,42379.4,42385.38
1756357140,42368.59,42376.62,42366.33,42376.28
1756357080,42347.76,42367.36,42347.76,42367.36
1756357020,42335.67,42343.99,42334.56,42343.99
1756356960,42318.1,42339.5,42318.1,42334.57
1756356900,42318.02,42320.13,42317.48,42320.13
1756356840,42313.85,42323.49,42311.33,42317.77
1756356780,42301.37,42312.19,42301.37,42312.19
1756356720,42290.2,42301.29,42290.2,42301.29
1756356660,42294.32,42294.35,42292.2,42292.37
1756356600,42309.29,42309.4,42293.44,42293.44
1756356540,42316.68,42316.68,42307.8,42307.8
1756356480,42346.16,42348.25,42328.98,42328.98
1756356420,42352.29,42352.29,42345.97,42346.13
1756356360,42359.1,42359.1,42354.27,42354.34
1756356300,42352.42,42358.36,42352.42,42358.36
1756356240,42365.86,42369.22,42355.88,42355.88
1756356180,42381.17,42381.17,42369.14,42369.14
1756356120,42381.59,42384.27,42379.79,42383.44
1756356060,42383.46,42384.93,42379.86,42382.68
1756356000,42380.05,42380.73,42376.95,42378.44
1756355940,42393.86,42393.86,42384.84,42385.56
1756355880,42408.7,42408.7,42402.11,42403.03
1756355820,42411.94,42413.48,42409.25,42409.25
1756355760,42408.34,42416.59,42404.63,42416.59
1756355700,42410.04,42412.35,42410.04,42412.35
1756355640,42392.9,42410.54,42391.85,42410.54
1756355580,42370.36,42391.32,42370.36,42391.32
1756355520,42362.09,42368.99,42359.38,42368.99
1756355460,42358.68,42359.85,42351.38,42359.85
1756355400,42357.92,42361.16,42357.92,42361.16
1756355340,42342.52,42351.34,42342.17,42351.34
1756355280,42319.11,42340.45,42319.11,42340.45
1756355220,42340.19,42343.78,42320.39,42322.86
1756355160,42352.54,42352.54,42342.24,42342.24
1756355100,42367.81,42367.81,42359.21,42359.21
1756355040,42361.52,42363.73,42356.03,42360.75
1756354980,42348.09,42365.04,42348.09,42364.22
1756354920,42331.39,42349.49,42331.39,42349.49
1756354860,42305.0,42328.2,42305.0,42328.2
1756354800,42283.76,42302.98,42283.76,42302.98
1756354740,42267.93,42269.11,42261.13,42269.11
1756354680,42294.39,42294.39,42271.83,42271.83
1756354620,42289.1,42305.81,42289.1,42305.81
1756354560,42284.72,42289.34,42277.83,42289.34
1756354500,42262.36,42283.09,42262.36,42283.09
1756354440,42268.38,42271.44,42261.23,42261.48
1756354380,42262.81,42265.25,42255.32,42265.25
1756354320,42260.12,42272.24,42260.12,42272.24
1756354260,42253.7,42256.86,42243.34,42256.86
1756354200,42192.57,42252.52,42192.57,42252.52
1756354140,42148.54,42189.54,42148.54,42189.54
1756354080,42125.56,42136.42,42125.23,42136.42
1756354020,42121.32,42125.33,42121.32,42125.33
1756353960,42124.05,42141.36,42119.76,42119.76
1756353900,42090.04,42115.94,42089.8,42115.94
1756353840,42114.61,42114.61,42098.38,42098.38
1756353780,42135.22,42135.22,42124.64,42124.78
1756353720,42136.63,42136.63,42123.89,42136.44
1756353660,42144.97,42144.97,42135.53,42138.13
1756353600,42134.65,42149.58,42129.1,42149.58
1756353540,42134.23,42136.91,42134.23,42134.82
1756353480,42165.6,42167.18,42139.86,42139.86
1756353420,42143.57,42165.68,42143.57,42165.68
1756353360,42134.66,42155.01,42134.66,42151.0
1756353300,42135.64,42143.73,42114.94,42142.13
1756353240,42196.37,42196.37,42143.5,42143.55
1756353180,42228.62,42232.4,42204.46,42204.73
1756353120,42257.6,42257.6,42230.41,42232.5
1756353060,42287.2,42287.2,42252.57,42256.06
1756353000,42333.51,42333.51,42277.95,42288.81
1756352940,42324.32,42334.87,42315.8,42334.87
1756352880,42367.8,42367.8,42323.41,42328.92
1756352820,42428.76,42428.76,42383.61,42383.61
1756352760,42488.84,42516.64,42444.1,42444.1
1756352700,42512.43,42513.36,42422.01,42483.45
