datetime,open,high,low,close
1756375140,6388.89,6391.53,6387.74,6391.53
1756375080,6385.56,6389.87,6385.56,6389.45
1756375020,6384.41,6386.33,6384.21,6386.33
1756374960,6387.25,6387.25,6384.64,6385.43
1756374900,6385.79,6386.65,6385.11,6386.33
1756374840,6385.33,6386.69,6385.14,6386.01
1756374780,6386.65,6386.65,6384.74,6384.86
1756374720,6384.78,6388.31,6384.78,6387.86
1756374660,6384.8,6387.49,6384.8,6386.42
1756374600,6384.18,6384.65,6381.05,6384.33
1756374540,6385.54,6385.54,6383.09,6384.45
1756374480,6385.43,6387.15,6384.45,6387.15
1756374420,6385.31,6386.59,6384.96,6384.96
1756374360,6388.12,6388.12,6385.32,6386.49
1756374300,6385.46,6389.33,6385.46,6388.2
1756374240,6389.21,6389.21,6385.45,6385.45
1756374180,6388.93,6390.16,6388.74,6388.74
1756374120,6389.54,6390.34,6388.96,6389.76
1756374060,6393.17,6393.43,6390.06,6390.06
1756374000,6392.11,6393.81,6391.98,6393.81
1756373940,6388.91,6391.05,6388.91,6390.65
1756373880,6390.43,6391.37,6389.16,6389.6
1756373820,6392.35,6393.92,6391.22,6391.22
1756373760,6393.64,6394.57,6392.61,6392.61
1756373700,6394.06,6394.85,6393.83,6394.44
1756373640,6398.01,6398.38,6394.24,6394.91
1756373580,6398.64,6399.59,6396.86,6397.12
1756373520,6397.13,6399.63,6396.94,6399.63
1756373460,6400.11,6400.11,6396.64,6396.7
1756373400,6400.8,6402.69,6398.42,6400.62
1756373340,6398.83,6399.93,6398.82,6399.17
1756373280,6399.75,6399.99,6399.49,6399.55
1756373220,6396.01,6399.29,6396.01,6399.29
1756373160,6396.47,6396.9,6395.96,6396.4
1756373100,6399.08,6399.08,6398.0,6398.0
1756373040,6393.11,6400.6,6393.11,6398.82
1756372980,6394.89,6394.89,6391.56,6391.56
1756372920,6393.16,6394.82,6392.2,6394.82
1756372860,6394.43,6394.43,6392.15,6393.35
1756372800,6392.98,6394.29,6392.12,6394.29
1756372740,6394.18,6394.18,6393.01,6393.26
1756372680,6396.01,6396.01,6393.99,6394.26
1756372620,6397.04,6397.04,6394.09,6394.55
1756372560,6398.82,6398.82,6395.23,6395.23
1756372500,6397.95,6399.49,6397.95,6398.68
1756372440,6401.11,6401.11,6400.08,6400.24
1756372380,6404.07,6404.07,6401.5,6401.5
1756372320,6404.41,6404.71,6403.55,6403.55
1756372260,6406.96,6406.96,6404.4,6404.62
1756372200,6405.95,6407.11,6405.85,6405.89
1756372140,6406.38,6406.69,6406.3,6406.3
1756372080,6408.69,6408.69,6407.15,6408.14
1756372020,6408.72,6408.72,6407.58,6407.94
1756371960,6401.47,6407.19,6401.47,6407.03
1756371900,6401.76,6402.35,6401.05,6401.37
1756371840,6400.75,6402.59,6399.86,6401.13
1756371780,6401.53,6401.98,6399.24,6400.33
1756371720,6414.33,6414.47,6406.79,6406.79
1756371660,6414.6,6414.8,6413.69,6414.2
1756371600,6415.04,6417.27,6414.87,6417.27
1756371540,6412.61,6414.68,6412.61,6414.36
1756371480,6411.61,6412.14,6410.79,6411.06
1756371420,6415.72,6415.74,6410.9,6410.9
1756371360,6417.87,6418.3,6415.24,6415.84
1756371300,6418.72,6419.24,6417.89,6417.89
1756371240,6419.41,6420.34,6418.0,6419.25
1756371180,6417.01,6417.98,6417.01,6417.79
1756371120,6419.43,6420.38,6416.99,6417.25
1756371060,6417.94,6419.77,6417.27,6419.77
1756371000,6415.55,6417.77,6415.55,6416.06
1756370940,6415.41,6415.94,6414.38,6415.94
1756370880,6414.78,6415.49,6414.24,6415.49
1756370820,6413.74,6414.68,6413.72,6414.14
1756370760,6413.43,6413.82,6413.43,6413.59
1756370700,6417.06,6417.4,6413.52,6413.59
1756370640,6419.54,6419.54,6416.99,6417.06
1756370580,6421.06,6421.06,6419.51,6419.56
1756370520,6420.18,6421.83,6420.18,6421.16
1756370460,6416.46,6420.56,6416.46,6420.56
1756370400,6412.0,6416.63,6412.0,6414.96
1756370340,6411.93,6412.83,6411.3,6411.3
1756370280,6411.92,6412.48,6410.79,6410.87
1756370220,6409.92,6412.1,6409.92,6412.1
1756370160,6407.47,6408.77,6406.94,6407.32
1756370100,6406.68,6407.68,6406.3,6406.98
1756370040,6410.14,6410.14,6405.82,6406.44
1756369980,6408.14,6410.81,6408.14,6410.03
1756369920,6408.91,6410.12,6408.74,6408.76
1756369860,6408.73,6409.37,6408.02,6408.02
1756369800,6406.03,6409.25,6406.03,6409.25
1756369740,6405.67,6406.66,6403.77,6405.26
1756369680,6405.56,6405.56,6404.65,6405.41
1756369620,6404.34,6406.62,6404.34,6406.01
1756369560,6404.33,6405.32,6403.76,6404.1
1756369500,6406.43,6407.0,6405.62,6405.62
1756369440,6402.86,6406.58,6402.86,6406.36
1756369380,6404.05,6404.29,6402.6,6402.6
1756369320,6406.01,6406.01,6404.26,6404.26
1756369260,6403.46,6406.26,6403.46,6406.09
1756369200,6405.76,6405.82,6404.22,6404.25
1756369140,6404.54,6406.42,6403.37,6406.33
1756369080,6405.49,6405.49,6403.8,6403.8
1756369020,6404.46,6405.67,6404.25,6405.42
1756368960,6407.26,6407.26,6403.81,6403.81
1756368900,6408.76,6410.27,6408.05,6409.14
1756368840,6407.83,6407.83,6405.38,6407.44
1756368780,6403.98,6407.57,6403.98,6407.57
1756368720,6406.0,6406.0,6403.82,6404.09
1756368660,6403.75,6404.21,6403.03,6403.03
1756368600,6406.34,6408.65,6406.34,6408.65
1756368540,6405.46,6406.83,6405.46,6406.82
1756368480,6407.36,6407.36,6405.24,6405.73
1756368420,6408.41,6408.93,6407.18,6407.18
1756368360,6405.76,6408.15,6405.76,6408.08
1756368300,6407.26,6407.45,6405.49,6405.49
1756368240,6407.93,6407.93,6407.59,6407.64
1756368180,6412.0,6412.0,6408.55,6408.55
1756368120,6413.08,6413.08,6411.23,6411.23
1756368060,6414.77,6414.94,6411.44,6411.44
1756368000,6417.0,6417.0,6414.95,6414.95
1756367940,6413.76,6417.19,6413.76,6416.89
1756367880,6416.52,6416.52,6413.86,6413.97
1756367820,6416.17,6416.17,6415.59,6416.02
1756367760,6415.49,6415.52,6414.68,6414.68
1756367700,6414.32,6416.27,6414.01,6415.59
1756367640,6413.37,6414.73,6413.37,6414.22
1756367580,6415.31,6415.43,6412.04,6414.71
1756367520,6413.94,6414.98,6413.94,6414.85
1756367460,6414.14,6416.73,6414.06,6414.06
1756367400,6414.72,6415.51,6413.62,6414.76
1756367340,6417.31,6417.45,6415.27,6415.27
1756367280,6420.96,6422.03,6418.28,6418.92
1756367220,6421.6,6422.25,6420.34,6420.34
1756367160,6421.02,6421.02,6419.9,6420.84
1756367100,6419.93,6420.41,6419.08,6419.6
1756367040,6417.88,6420.03,6417.73,6420.03
1756366980,6419.66,6420.29,6418.59,6419.06
1756366920,6417.62,6419.28,6417.62,6419.19
1756366860,6416.44,6417.95,6415.96,6417.37
1756366800,6417.33,6418.36,6416.72,6418.36
1756366740,6416.08,6417.3,6415.78,6417.23
1756366680,6414.3,6415.96,6414.3,6415.96
1756366620,6416.14,6416.3,6414.19,6414.25
1756366560,6417.09,6417.09,6415.31,6416.34
1756366500,6416.78,6419.07,6416.59,6416.59
1756366440,6416.32,6417.29,6415.26,6417.29
1756366380,6415.0,6416.78,6414.89,6416.78
1756366320,6414.74,6415.74,6414.74,6415.17
1756366260,6419.1,6419.1,6416.13,6416.13
1756366200,6419.07,6419.07,6417.7,6418.3
1756366140,6420.15,6420.15,6418.95,6420.12
1756366080,6421.04,6421.04,6419.27,6419.67
1756366020,6421.33,6422.28,6420.56,6420.56
1756365960,6419.74,6421.75,6419.74,6421.75
1756365900,6420.62,6421.58,6419.69,6419.69
1756365840,6419.16,6422.26,6419.16,6420.61
1756365780,6422.54,6422.54,6419.29,6419.29
1756365720,6421.93,6421.93,6421.67,6421.67
1756365660,6423.97,6424.04,6422.68,6422.68
1756365600,6422.65,6422.92,6422.15,6422.86
1756365540,6424.0,6424.0,6422.58,6423.03
1756365480,6422.35,6425.73,6422.35,6425.56
1756365420,6424.8,6424.8,6422.37,6422.77
1756365360,6423.11,6424.36,6422.42,6424.36
1756365300,6423.23,6423.23,6422.36,6422.81
1756365240,6419.39,6422.33,6419.39,6422.33
1756365180,6419.93,6420.79,6418.19,6419.25
1756365120,6420.46,6420.78,6419.06,6419.06
1756365060,6419.15,6420.37,6418.64,6420.37
1756365000,6420.71,6422.26,6419.58,6419.58
1756364940,6421.66,6422.22,6420.35,6422.06
1756364880,6421.43,6421.86,6421.02,6421.86
1756364820,6423.21,6423.56,6421.51,6421.51
1756364760,6423.37,6424.05,6423.27,6423.62
1756364700,6424.29,6425.14,6423.43,6424.35
1756364640,6424.82,6424.82,6423.65,6423.65
1756364580,6423.21,6424.61,6422.15,6424.35
1756364520,6421.09,6423.15,6421.09,6423.15
1756364460,6421.14,6422.28,6420.79,6420.93
1756364400,6422.78,6422.79,6421.61,6422.79
1756364340,6419.58,6422.79,6419.58,6422.79
1756364280,6418.12,6420.2,6418.12,6420.2
1756364220,6423.32,6423.32,6421.25,6421.25
1756364160,6420.97,6424.2,6420.97,6424.2
1756364100,6422.03,6422.59,6421.43,6421.61
1756364040,6423.11,6423.72,6422.89,6423.72
1756363980,6422.92,6423.35,6422.28,6422.3
1756363920,6425.63,6427.14,6424.05,6424.05
1756363860,6426.79,6427.47,6425.79,6426.17
1756363800,6426.02,6428.08,6425.95,6427.07
1756363740,6429.19,6429.19,6425.89,6425.89
1756363680,6431.65,6431.97,6429.87,6430.8
1756363620,6431.24,6431.84,6430.21,6431.84
1756363560,6435.03,6435.03,6431.2,6432.16
1756363500,6433.57,6435.23,6432.88,6434.89
1756363440,6434.45,6435.34,6433.06,6433.89
1756363380,6434.21,6435.0,6433.14,6434.51
1756363320,6434.29,6435.55,6433.9,6434.4
1756363260,6436.71,6436.71,6434.34,6435.02
1756363200,6436.48,6438.18,6436.48,6438.18
1756363140,6437.3,6438.18,6436.48,6436.48
1756363080,6438.72,6439.15,6438.59,6438.59
1756363020,6439.48,6439.48,6438.37,6438.87
1756362960,6437.1,6439.03,6436.44,6438.51
1756362900,6435.87,6437.28,6435.87,6436.22
1756362840,6434.56,6436.27,6434.56,6436.14
1756362780,6432.5,6435.76,6432.5,6434.03
1756362720,6429.59,6433.12,6429.59,6433.12
1756362660,6431.52,6431.81,6429.06,6430.59
1756362600,6430.64,6430.64,6429.26,6430.28
1756362540,6432.55,6432.71,6431.49,6432.71
1756362480,6431.7,6434.13,6431.7,6433.03
1756362420,6433.21,6434.43,6431.94,6431.94
1756362360,6434.71,6435.65,6434.54,6434.54
1756362300,6437.14,6437.14,6435.41,6436.89
1756362240,6439.38,6440.76,6439.05,6439.19
1756362180,6440.71,6441.72,6439.35,6439.35
1756362120,6441.04,6441.91,6440.66,6440.66
1756362060,6440.78,6441.47,6438.96,6439.08
1756362000,6440.43,6441.37,6439.93,6441.37
1756361940,6440.42,6440.83,6439.06,6440.83
1756361880,6440.56,6440.87,6438.91,6439.85
1756361820,6441.42,6441.58,6440.88,6440.99
1756361760,6440.4,6441.14,6439.64,6441.14
1756361700,6443.09,6443.09,6440.78,6441.41
1756361640,6445.0,6445.0,6442.72,6443.12
1756361580,6446.21,6446.21,6442.81,6444.16
1756361520,6450.01,6450.01,6446.87,6446.87
1756361460,6448.97,6449.05,6447.54,6449.05
1756361400,6450.26,6451.04,6449.38,6449.38
1756361340,6452.67,6453.04,6451.24,6451.24
1756361280,6451.29,6451.69,6450.38,6451.69
1756361220,6451.8,6451.8,6448.8,6449.8
1756361160,6451.84,6451.93,6451.43,6451.93
1756361100,6450.67,6451.85,6450.67,6451.57
1756361040,6449.65,6450.73,6448.94,6450.73
1756360980,6450.14,6451.81,6449.6,6449.6
1756360920,6449.52,6450.89,6449.52,6450.45
1756360860,6447.86,6450.76,6447.86,6449.94
1756360800,6446.19,6449.07,6446.19,6447.9
1756360740,6449.12,6449.12,6447.04,6447.94
1756360680,6447.94,6448.91,6447.16,6448.91
1756360620,6448.18,6448.65,6447.24,6447.68
1756360560,6449.58,6449.89,6448.43,6448.7
1756360500,6451.24,6451.24,6448.37,6450.06
1756360440,6450.32,6452.1,6450.32,6450.48
1756360380,6451.44,6451.9,6450.29,6450.29
1756360320,6450.96,6451.72,6449.13,6451.72
1756360260,6451.71,6451.71,6451.32,6451.32
1756360200,6449.48,6449.55,6448.14,6449.55
1756360140,6448.06,6448.53,6445.68,6445.68
1756360080,6451.09,6451.14,6448.76,6448.76
1756360020,6451.82,6451.9,6450.44,6450.44
1756359960,6453.38,6453.61,6452.18,6452.18
1756359900,6452.92,6452.92,6452.09,6452.09
1756359840,6452.69,6452.69,6451.68,6452.11
1756359780,6452.15,6452.8,6451.55,6451.55
1756359720,6453.38,6453.38,6452.71,6452.87
1756359660,6450.15,6452.18,6450.15,6451.94
1756359600,6454.79,6454.94,6450.68,6450.68
1756359540,6452.84,6455.31,6452.84,6454.92
1756359480,6453.88,6453.93,6452.44,6453.37
1756359420,6457.97,6457.97,6454.17,6454.17
1756359360,6457.4,6458.39,6457.4,6458.39
1756359300,6452.43,6455.26,6452.43,6455.26
1756359240,6453.65,6455.33,6450.74,6450.74
1756359180,6454.78,6454.91,6453.71,6454.47
1756359120,6458.3,6458.33,6455.32,6455.32
1756359060,6457.95,6458.26,6456.7,6458.26
1756359000,6456.24,6459.1,6456.24,6458.78
1756358940,6456.39,6457.33,6456.39,6456.85
1756358880,6452.0,6456.06,6452.0,6456.06
1756358820,6449.47,6450.74,6448.98,6450.74
1756358760,6446.55,6448.74,6446.37,6448.74
1756358700,6446.65,6446.76,6445.95,6445.95
1756358640,6444.43,6447.7,6444.37,6447.3
1756358580,6445.07,6446.13,6443.0,6443.0
1756358520,6445.44,6445.44,6443.61,6445.07
1756358460,6445.8,6445.8,6443.47,6444.49
1756358400,6444.09,6446.27,6443.54,6446.27
1756358340,6445.67,6447.21,6444.27,6444.27
1756358280,6443.38,6445.8,6443.38,6445.11
1756358220,6446.34,6446.34,6443.27,6444.03
1756358160,6444.22,6445.58,6443.26,6445.12
1756358100,6442.43,6443.8,6442.05,6443.19
1756358040,6443.32,6443.83,6442.56,6442.56
1756357980,6439.25,6440.03,6437.62,6439.22
1756357920,6441.77,6441.77,6439.8,6439.83
1756357860,6440.73,6442.06,6440.73,6442.06
1756357800,6444.26,6445.42,6441.72,6441.72
1756357740,6446.04,6448.23,6445.35,6445.35
1756357680,6447.13,6448.35,6446.15,6446.16
1756357620,6446.11,6447.74,6445.74,6447.74
1756357560,6445.83,6447.7,6445.83,6446.33
1756357500,6440.93,6442.78,6440.24,6442.78
1756357440,6438.73,6441.3,6438.45,6441.0
1756357380,6436.92,6439.38,6436.92,6438.62
1756357320,6435.38,6437.99,6435.38,6437.99
1756357260,6438.11,6438.11,6435.11,6435.11
1756357200,6437.54,6440.16,6437.54,6437.97
1756357140,6438.13,6438.32,6437.99,6437.99
1756357080,6436.09,6437.38,6436.09,6437.28
1756357020,6433.7,6434.63,6432.58,6434.63
1756356960,6436.73,6437.02,6435.26,6435.26
1756356900,6436.76,6437.72,6436.76,6437.55
1756356840,6434.61,6438.3,6434.61,6438.3
1756356780,6432.15,6433.6,6432.15,6433.6
1756356720,6428.95,6433.12,6428.95,6432.19
1756356660,6430.42,6431.84,6429.26,6429.51
1756356600,6430.71,6431.7,6430.13,6430.78
1756356540,6431.89,6433.1,6430.85,6430.85
1756356480,6433.21,6435.09,6433.21,6433.48
1756356420,6433.72,6433.72,6432.94,6433.28
1756356360,6432.09,6434.88,6432.09,6433.85
1756356300,6433.63,6434.7,6432.99,6432.99
1756356240,6435.41,6435.86,6433.07,6433.97
1756356180,6435.38,6437.81,6435.38,6435.73
1756356120,6433.06,6437.68,6433.06,6434.1
1756356060,6431.61,6434.19,6431.61,6433.61
1756356000,6428.02,6431.49,6428.02,6431.49
1756355940,6431.46,6431.46,6427.37,6427.37
1756355880,6434.81,6434.81,6431.18,6431.18
1756355820,6436.16,6437.06,6435.93,6435.93
1756355760,6435.75,6436.79,6435.75,6435.89
1756355700,6438.97,6438.97,6436.92,6437.99
1756355640,6435.7,6439.0,6435.04,6439.0
1756355580,6437.33,6437.33,6434.67,6435.81
1756355520,6434.93,6436.52,6433.96,6436.52
1756355460,6430.53,6432.91,6430.39,6432.91
1756355400,6429.36,6432.5,6429.25,6431.32
1756355340,6420.04,6426.92,6420.04,6426.92
1756355280,6414.76,6419.71,6414.76,6419.71
1756355220,6415.82,6415.82,6411.76,6414.18
1756355160,6415.05,6417.04,6414.6,6415.06
1756355100,6417.16,6417.16,6415.58,6416.69
1756355040,6422.3,6422.3,6419.35,6419.35
1756354980,6420.35,6422.12,6419.96,6421.27
1756354920,6409.58,6418.36,6409.58,6418.36
1756354860,6405.32,6410.6,6405.32,6409.9
1756354800,6403.88,6404.86,6403.88,6404.47
1756354740,6398.89,6400.96,6398.89,6400.11
1756354680,6404.61,6404.61,6399.36,6399.36
1756354620,6406.57,6407.24,6404.38,6405.46
1756354560,6404.5,6406.67,6404.5,6406.67
1756354500,6402.61,6405.13,6402.61,6404.98
1756354440,6402.67,6404.39,6402.52,6404.13
1756354380,6400.04,6401.25,6398.06,6401.14
1756354320,6402.38,6402.86,6400.74,6402.86
1756354260,6402.98,6403.92,6398.42,6402.71
1756354200,6397.77,6403.36,6397.77,6403.36
1756354140,6391.28,6396.02,6391.28,6396.02
1756354080,6389.06,6391.86,6389.06,6391.86
1756354020,6392.27,6392.27,6390.85,6390.85
1756353960,6394.7,6394.7,6390.82,6390.82
1756353900,6385.24,6391.32,6383.14,6391.32
1756353840,6385.08,6386.04,6384.01,6385.08
1756353780,6387.73,6387.73,6385.29,6385.29
1756353720,6387.68,6389.23,6384.6,6388.39
1756353660,6388.87,6390.81,6387.55,6388.34
1756353600,6391.27,6391.27,6389.64,6389.81
1756353540,6394.91,6394.91,6391.58,6393.23
1756353480,6401.65,6402.15,6394.59,6395.49
1756353420,6401.94,6402.47,6400.97,6402.08
1756353360,6403.92,6404.75,6403.05,6403.89
1756353300,6399.75,6405.42,6399.52,6402.6
1756353240,6407.54,6407.54,6400.31,6400.94
1756353180,6415.41,6415.41,6409.61,6409.9
1756353120,6423.3,6423.3,6414.54,6414.63
1756353060,6424.61,6424.61,6422.77,6423.15
1756353000,6427.68,6427.68,6421.32,6422.81
1756352940,6433.77,6434.96,6429.54,6433.94
1756352880,6435.21,6437.42,6432.43,6433.22
1756352820,6444.33,6444.33,6433.91,6435.56
1756352760,6452.88,6452.88,6442.99,6444.25
1756352700,6460.64,6472.91,6449.58,6456.37
