datetime,open,high,low,close
1756375020,12137.58,12152.36,12136.58,12152.36
1756374840,12130.18,12138.79,12129.41,12136.39
1756374660,12133.29,12133.86,12126.44,12129.76
1756374480,12130.79,12133.88,12128.09,12133.88
1756374300,12131.16,12132.3,12126.53,12130.73
1756374120,12129.7,12135.7,12129.7,12131.99
1756373940,12127.44,12133.17,12126.84,12129.03
1756373760,12134.95,12136.59,12128.26,12131.06
1756373580,12139.81,12140.2,12129.81,12134.12
1756373400,12151.33,12151.73,12134.84,12139.48
1756373220,12145.96,12153.26,12145.85,12149.75
1756373040,12143.62,12149.93,12143.62,12144.81
1756372860,12143.32,12144.74,12142.36,12144.73
1756372680,12146.97,12146.97,12138.57,12141.67
1756372500,12157.83,12158.59,12143.99,12144.72
1756372320,12162.07,12164.6,12156.28,12159.93
1756372140,12162.11,12164.88,12161.35,12161.35
1756371960,12159.69,12164.75,12159.69,12162.9
1756371780,12170.97,12170.97,12160.55,12160.55
1756371600,12178.08,12178.31,12171.32,12171.32
1756371420,12174.45,12180.07,12172.99,12179.92
1756371240,12189.25,12190.44,12177.94,12178.46
1756371060,12185.25,12189.68,12185.25,12189.68
1756370880,12186.4,12188.7,12182.83,12182.83
1756370700,12184.65,12188.42,12182.81,12186.97
1756370520,12190.53,12190.76,12183.0,12184.23
1756370340,12177.39,12190.0,12177.11,12190.0
1756370160,12170.53,12177.88,12170.53,12177.36
1756369980,12176.38,12176.68,12169.98,12170.35
1756369800,12167.01,12177.66,12167.01,12176.52
1756369620,12165.34,12167.63,12165.05,12167.14
1756369440,12171.43,12171.43,12165.85,12165.94
1756369260,12177.0,12177.58,12167.61,12170.31
1756369080,12175.74,12178.7,12175.45,12176.8
1756368900,12179.54,12180.23,12172.51,12176.2
1756368720,12180.3,12180.97,12177.94,12179.21
1756368540,12178.06,12184.53,12178.06,12180.69
1756368360,12176.04,12177.56,12175.18,12177.56
1756368180,12184.55,12184.55,12174.16,12174.16
1756368000,12186.19,12186.54,12184.54,12184.54
1756367820,12190.63,12191.8,12185.94,12187.36
1756367640,12182.76,12190.65,12182.5,12190.65
1756367460,12184.08,12184.49,12181.7,12182.68
1756367280,12187.29,12187.29,12181.85,12184.02
1756367100,12183.6,12188.49,12183.6,12186.16
1756366920,12182.35,12186.24,12182.26,12184.01
1756366740,12181.11,12183.94,12179.6,12182.4
1756366560,12189.44,12190.22,12179.35,12180.77
1756366380,12193.29,12193.29,12189.6,12190.42
1756366200,12199.96,12199.96,12192.19,12195.77
1756366020,12206.34,12206.34,12197.3,12201.66
1756365840,12207.31,12208.71,12205.11,12206.36
1756365660,12207.78,12209.04,12205.33,12206.67
1756365480,12209.64,12211.64,12206.32,12208.87
1756365300,12204.55,12211.73,12203.95,12210.18
1756365120,12207.08,12207.18,12202.17,12203.85
1756364940,12210.69,12211.19,12204.33,12206.61
1756364760,12214.91,12214.91,12209.13,12209.13
1756364580,12216.13,12217.92,12212.27,12213.64
1756364400,12217.18,12218.06,12214.5,12215.39
1756364220,12213.79,12216.35,12211.74,12215.86
1756364040,12210.16,12213.82,12207.78,12213.82
1756363860,12218.54,12218.54,12207.76,12208.3
1756363680,12220.59,12221.4,12217.37,12217.37
1756363500,12228.87,12229.45,12220.27,12220.27
1756363320,12228.12,12230.44,12226.28,12226.71
1756363140,12229.22,12230.45,12226.45,12228.51
1756362960,12225.03,12229.63,12223.61,12229.31
1756362780,12220.6,12224.77,12218.06,12224.77
1756362600,12225.7,12227.59,12220.32,12220.32
1756362420,12225.34,12227.0,12224.89,12225.23
1756362240,12241.06,12241.06,12225.34,12226.47
1756362060,12247.72,12248.94,12242.11,12242.11
1756361880,12245.44,12247.4,12243.0,12246.76
1756361700,12246.33,12248.57,12243.1,12245.73
1756361520,12249.06,12253.51,12246.65,12246.65
1756361340,12257.84,12257.84,12249.69,12249.72
1756361160,12253.3,12256.57,12252.02,12256.57
1756360980,12250.79,12256.84,12250.77,12255.46
1756360800,12245.4,12250.51,12244.69,12250.51
1756360620,12250.38,12250.38,12244.01,12244.01
1756360440,12248.71,12251.88,12248.14,12248.84
1756360260,12253.09,12253.4,12243.71,12247.9
1756360080,12249.94,12251.51,12246.48,12251.51
1756359900,12246.88,12248.2,12245.61,12247.84
1756359720,12246.02,12250.9,12246.02,12248.09
1756359540,12248.48,12251.85,12244.96,12245.53
1756359360,12259.03,12262.33,12249.03,12249.03
1756359180,12251.25,12256.5,12247.81,12256.5
1756359000,12255.6,12255.6,12246.73,12249.67
1756358820,12244.97,12256.45,12243.83,12255.46
1756358640,12245.08,12247.68,12242.28,12244.46
1756358460,12250.9,12250.9,12244.05,12244.93
1756358280,12240.7,12249.97,12240.7,12249.97
1756358100,12227.53,12238.54,12227.53,12238.54
1756357920,12233.27,12233.27,12226.32,12226.32
1756357740,12237.44,12237.44,12227.76,12234.78
1756357560,12237.9,12237.98,12234.94,12236.95
1756357380,12224.3,12236.35,12223.96,12234.45
1756357200,12221.88,12225.63,12218.69,12225.63
1756357020,12209.62,12221.17,12209.62,12221.17
1756356840,12203.71,12212.6,12200.82,12211.3
1756356660,12194.75,12200.53,12189.77,12200.53
1756356480,12210.51,12211.38,12195.03,12195.03
1756356300,12207.53,12214.11,12206.26,12212.82
1756356120,12220.34,12221.93,12211.3,12211.64
1756355940,12219.01,12224.36,12215.21,12221.62
1756355760,12233.27,12235.96,12221.26,12226.65
1756355580,12222.33,12233.94,12221.71,12233.94
1756355400,12223.47,12223.75,12213.48,12222.53
1756355220,12222.02,12223.86,12215.61,12220.77
1756355040,12217.26,12226.9,12217.26,12222.18
1756354860,12193.97,12218.97,12193.97,12218.97
1756354680,12197.67,12197.67,12182.97,12193.3
1756354500,12189.13,12202.81,12189.13,12199.62
1756354320,12194.66,12196.09,12187.23,12194.89
1756354140,12163.79,12201.13,12163.79,12194.72
1756353960,12156.69,12161.71,12156.69,12161.19
1756353780,12158.18,12158.76,12148.3,12156.1
1756353600,12169.0,12169.0,12153.16,12160.05
1756353420,12169.51,12173.89,12167.84,12168.27
1756353240,12171.44,12178.2,12163.51,12171.04
1756353060,12193.98,12193.98,12169.24,12172.27
1756352880,12191.24,12196.76,12184.33,12196.76
1756352700,12260.7,12260.87,12191.52,12191.52
