datetime,open,high,low,close
1756375020,51578.7,51583.32,51568.25,51583.32
1756374840,51573.38,51578.5,51567.98,51576.42
1756374660,51597.07,51597.87,51576.69,51579.03
1756374480,51605.47,51612.33,51595.32,51596.87
1756374300,51611.54,51611.54,51592.61,51602.4
1756374120,51639.4,51639.4,51611.44,51612.5
1756373940,51641.39,51651.42,51640.83,51643.09
1756373760,51640.33,51647.93,51632.2,51642.1
1756373580,51675.15,51675.15,51635.94,51637.61
1756373400,51702.13,51707.08,51672.66,51674.56
1756373220,51703.01,51708.18,51700.19,51701.73
1756373040,51706.95,51707.78,51701.19,51701.26
1756372860,51717.68,51717.68,51708.65,51708.65
1756372680,51724.72,51726.32,51714.72,51716.6
1756372500,51742.19,51742.19,51723.64,51723.71
1756372320,51767.88,51767.88,51742.19,51742.31
1756372140,51770.67,51773.44,51768.25,51768.25
1756371960,51759.13,51770.97,51758.21,51770.97
1756371780,51775.14,51775.14,51761.47,51761.61
1756371600,51803.88,51806.1,51794.73,51794.73
1756371420,51813.63,51813.63,51796.2,51801.91
1756371240,51818.03,51825.45,51815.15,51815.15
1756371060,51809.15,51816.18,51809.15,51815.6
1756370880,51798.84,51807.1,51797.49,51806.85
1756370700,51796.17,51803.31,51794.79,51798.82
1756370520,51782.86,51795.84,51782.86,51795.84
1756370340,51763.33,51778.46,51763.33,51778.46
1756370160,51756.62,51762.93,51755.6,51762.93
1756369980,51766.16,51767.89,51757.71,51757.71
1756369800,51758.84,51768.13,51757.72,51766.46
1756369620,51753.39,51759.02,51751.33,51759.02
1756369440,51758.73,51759.02,51753.03,51753.21
1756369260,51760.54,51766.35,51759.16,51759.66
1756369080,51751.46,51757.62,51751.32,51757.62
1756368900,51742.33,51751.16,51740.27,51751.16
1756368720,51740.12,51743.29,51737.93,51743.29
1756368540,51754.83,51757.35,51741.06,51741.34
1756368360,51760.43,51761.65,51756.13,51756.13
1756368180,51778.8,51778.8,51762.36,51762.37
1756368000,51782.31,51786.0,51777.21,51778.13
1756367820,51778.92,51784.84,51776.83,51784.84
1756367640,51781.06,51781.71,51777.54,51780.37
1756367460,51786.16,51786.56,51781.38,51782.12
1756367280,51788.55,51790.31,51785.77,51785.77
1756367100,51783.38,51788.5,51781.44,51788.5
1756366920,51782.34,51785.31,51781.27,51782.71
1756366740,51776.47,51783.4,51775.62,51783.4
1756366560,51791.78,51792.38,51778.86,51778.86
1756366380,51797.85,51797.85,51791.01,51793.0
1756366200,51825.37,51825.37,51798.86,51798.86
1756366020,51853.17,51853.17,51829.05,51829.05
1756365840,51853.55,51854.25,51850.46,51853.75
1756365660,51864.5,51864.5,51855.17,51855.17
1756365480,51869.93,51871.0,51863.88,51863.88
1756365300,51864.92,51869.69,51864.92,51869.69
1756365120,51870.32,51870.99,51864.52,51864.52
1756364940,51879.93,51881.02,51868.57,51870.3
1756364760,51891.13,51892.85,51880.28,51880.28
1756364580,51886.73,51893.08,51886.4,51891.96
1756364400,51894.58,51895.93,51886.52,51886.99
1756364220,51892.65,51892.65,51887.51,51891.23
1756364040,51892.73,51892.73,51888.26,51892.11
1756363860,51906.35,51906.35,51893.23,51893.23
1756363680,51932.25,51932.25,51905.57,51905.57
1756363500,51941.41,51944.01,51931.98,51932.94
1756363320,51939.39,51942.53,51939.39,51940.57
1756363140,51935.2,51938.21,51932.8,51938.21
1756362960,51934.13,51937.38,51934.13,51935.87
1756362780,51938.12,51938.12,51931.58,51934.73
1756362600,51946.63,51946.63,51936.65,51937.17
1756362420,51957.32,51957.32,51944.12,51947.2
1756362240,51983.15,51983.15,51957.6,51957.6
1756362060,51986.12,51988.05,51980.78,51986.3
1756361880,51987.18,51987.32,51982.74,51987.03
1756361700,51988.72,51990.5,51985.67,51988.84
1756361520,51990.28,51991.63,51986.72,51988.82
1756361340,51983.92,51989.47,51980.87,51989.47
1756361160,51976.97,51984.41,51976.97,51982.86
1756360980,51967.58,51979.55,51967.58,51979.55
1756360800,51970.74,51971.4,51967.72,51967.72
1756360620,51988.27,51988.27,51971.88,51971.88
1756360440,51985.97,51992.21,51985.96,51988.78
1756360260,51987.54,51987.54,51982.29,51984.61
1756360080,51995.07,51997.91,51985.47,51985.65
1756359900,52000.13,52000.13,51991.16,51994.45
1756359720,52003.48,52004.55,51999.62,52000.12
1756359540,52023.84,52023.84,52004.13,52004.13
1756359360,52013.94,52031.09,52013.94,52025.89
1756359180,52012.77,52013.0,52005.24,52011.83
1756359000,52016.14,52018.37,52014.46,52014.46
1756358820,51990.13,52017.98,51990.13,52016.75
1756358640,51983.95,51989.89,51983.95,51989.26
1756358460,51987.29,51988.6,51983.63,51984.4
1756358280,51967.14,51986.91,51967.14,51986.78
1756358100,51949.42,51963.87,51949.42,51963.87
1756357920,51959.71,51959.71,51940.52,51949.69
1756357740,51970.72,51970.8,51959.96,51960.06
1756357560,51960.04,51970.57,51960.04,51969.23
1756357380,51927.66,51956.5,51927.15,51956.5
1756357200,51934.68,51936.38,51927.58,51927.58
1756357020,51916.93,51934.57,51916.93,51931.33
1756356840,51900.29,51917.71,51900.29,51917.41
1756356660,51883.19,51897.1,51878.41,51897.1
1756356480,51927.7,51930.6,51887.07,51887.07
1756356300,51925.78,51933.74,51923.63,51927.06
1756356120,51942.87,51946.63,51930.19,51930.19
1756355940,51957.27,51957.27,51920.8,51942.36
1756355760,51960.92,51972.81,51960.89,51960.89
1756355580,51917.49,51960.7,51917.49,51959.17
1756355400,51900.24,51918.61,51900.24,51918.44
1756355220,51874.14,51892.98,51863.05,51892.98
1756355040,51899.95,51903.36,51880.32,51880.32
1756354860,51792.63,51898.34,51792.63,51898.34
1756354680,51781.88,51790.8,51753.23,51790.8
1756354500,51718.37,51782.24,51718.37,51782.24
1756354320,51685.56,51716.4,51685.56,51716.4
1756354140,51558.1,51692.69,51558.1,51684.44
1756353960,51524.6,51545.01,51524.6,51545.01
1756353780,51496.56,51499.83,51470.5,51499.83
1756353600,51536.15,51536.15,51496.65,51502.13
1756353420,51573.04,51583.94,51536.56,51537.74
1756353240,51693.28,51693.28,51578.0,51580.74
1756353060,51817.39,51817.39,51704.78,51704.87
1756352880,51880.25,51880.25,51799.92,51818.95
1756352700,51893.5,52003.68,51889.9,51889.9
