datetime,open,high,low,close
1756375140,6134.0,6139.9,6131.9,6139.1
1756375080,6132.9,6135.0,6131.2,6133.9
1756375020,6132.6,6132.85,6130.35,6132.75
1756374960,6134.15,6134.35,6131.55,6131.55
1756374900,6134.25,6135.85,6133.2,6133.65
1756374840,6131.4,6135.2,6130.4,6134.95
1756374780,6131.95,6132.1,6129.45,6132.1
1756374720,6132.2,6133.75,6130.5,6132.1
1756374660,6130.55,6132.8,6129.85,6132.6
1756374600,6129.95,6131.65,6128.1,6130.35
1756374540,6131.5,6131.75,6129.2,6130.0
1756374480,6132.25,6133.15,6130.2,6131.35
1756374420,6133.2,6133.6,6130.35,6131.15
1756374360,6134.05,6134.05,6131.95,6132.5
1756374300,6134.35,6134.7,6132.2,6132.35
1756374240,6133.0,6134.9,6132.55,6133.9
1756374180,6137.2,6137.45,6132.55,6132.85
1756374120,6138.15,6138.35,6136.4,6137.4
1756374060,6142.6,6142.85,6137.55,6137.8
1756374000,6141.95,6142.95,6140.45,6142.0
1756373940,6142.0,6142.65,6139.95,6140.9
1756373880,6143.35,6143.6,6141.3,6141.6
1756373820,6145.1,6145.6,6142.6,6142.95
1756373760,6146.5,6147.4,6143.95,6144.5
1756373700,6147.45,6148.25,6145.6,6146.95
1756373640,6147.85,6148.4,6146.0,6148.05
1756373580,6148.8,6148.95,6146.4,6147.95
1756373520,6148.35,6148.95,6146.85,6148.5
1756373460,6149.9,6149.9,6146.9,6148.4
1756373400,6149.85,6153.05,6148.35,6149.9
1756373340,6148.7,6150.0,6147.7,6150.0
1756373280,6148.8,6150.95,6147.8,6148.55
1756373220,6147.85,6151.0,6147.6,6149.3
1756373160,6147.35,6149.0,6146.75,6148.55
1756373100,6150.95,6151.1,6146.2,6147.7
1756373040,6144.2,6153.2,6144.0,6151.05
1756372980,6145.6,6146.45,6143.7,6144.45
1756372920,6144.25,6146.35,6144.05,6146.35
1756372860,6145.6,6147.1,6144.1,6145.15
1756372800,6144.55,6146.85,6143.95,6146.4
1756372740,6145.4,6146.15,6144.0,6144.95
1756372680,6144.5,6146.45,6143.85,6145.75
1756372620,6145.55,6146.2,6142.4,6145.2
1756372560,6147.1,6147.35,6144.45,6145.7
1756372500,6149.3,6149.3,6145.85,6146.8
1756372440,6149.65,6149.95,6148.15,6148.9
1756372380,6151.55,6152.1,6149.5,6149.5
1756372320,6152.35,6153.45,6150.75,6151.6
1756372260,6153.5,6154.85,6151.6,6152.55
1756372200,6152.9,6154.2,6152.55,6153.55
1756372140,6152.9,6154.65,6152.15,6153.6
1756372080,6155.65,6155.7,6152.5,6153.25
1756372020,6154.65,6156.55,6154.45,6155.55
1756371960,6149.65,6155.95,6149.4,6154.95
1756371900,6147.85,6150.55,6147.85,6149.9
1756371840,6147.55,6149.35,6146.8,6148.55
1756371780,6152.2,6152.4,6147.2,6147.75
1756371720,6161.9,6162.35,6152.3,6152.8
1756371660,6162.4,6163.3,6161.4,6162.4
1756371600,6162.75,6164.55,6162.3,6162.75
1756371540,6159.75,6163.6,6159.35,6163.15
1756371480,6159.2,6160.2,6156.6,6160.2
1756371420,6161.65,6162.1,6157.25,6159.1
1756371360,6164.05,6164.05,6159.65,6161.85
1756371300,6164.7,6165.95,6163.2,6164.25
1756371240,6165.3,6166.45,6164.4,6164.9
1756371180,6163.7,6166.0,6162.5,6166.0
1756371120,6165.05,6165.3,6161.95,6163.55
1756371060,6164.05,6165.7,6163.1,6165.45
1756371000,6164.35,6165.0,6162.85,6164.1
1756370940,6163.25,6165.35,6162.5,6164.45
1756370880,6162.4,6164.7,6161.05,6163.65
1756370820,6162.6,6163.2,6161.45,6162.55
1756370760,6162.55,6163.3,6161.2,6162.7
1756370700,6165.3,6165.55,6161.95,6162.9
1756370640,6166.1,6167.05,6164.8,6165.15
1756370580,6168.85,6169.3,6165.6,6166.8
1756370520,6168.2,6170.25,6167.3,6169.05
1756370460,6160.85,6168.7,6160.1,6168.4
1756370400,6157.6,6161.95,6157.45,6160.9
1756370340,6157.95,6158.75,6156.4,6157.9
1756370280,6157.7,6159.1,6156.95,6158.7
1756370220,6157.1,6158.7,6156.45,6158.1
1756370160,6156.1,6158.05,6155.45,6157.85
1756370100,6156.55,6157.7,6154.95,6156.25
1756370040,6157.85,6158.6,6156.05,6156.8
1756369980,6159.25,6160.15,6156.7,6158.1
1756369920,6158.35,6159.85,6157.65,6159.65
1756369860,6158.45,6159.55,6157.4,6159.5
1756369800,6156.05,6159.9,6155.4,6158.55
1756369740,6154.65,6157.15,6154.05,6156.1
1756369680,6154.85,6155.9,6153.3,6155.3
1756369620,6155.55,6156.05,6153.7,6155.2
1756369560,6154.65,6156.4,6154.35,6155.55
1756369500,6155.05,6156.4,6154.35,6155.15
1756369440,6151.5,6156.35,6151.15,6155.35
1756369380,6152.0,6153.75,6150.35,6151.8
1756369320,6153.0,6153.6,6151.3,6152.7
1756369260,6151.9,6154.25,6151.55,6153.45
1756369200,6153.35,6154.5,6151.35,6152.15
1756369140,6153.85,6155.0,6152.55,6153.55
1756369080,6153.1,6155.55,6152.6,6154.05
1756369020,6152.25,6153.4,6150.15,6153.25
1756368960,6153.25,6154.7,6150.5,6152.8
1756368900,6157.3,6158.2,6152.75,6153.65
1756368840,6158.8,6158.85,6155.05,6156.65
1756368780,6155.55,6159.0,6154.95,6158.6
1756368720,6153.0,6156.75,6152.45,6155.45
1756368660,6157.75,6158.05,6151.85,6152.65
1756368600,6157.3,6159.6,6156.4,6157.75
1756368540,6157.3,6158.55,6156.0,6157.15
1756368480,6159.75,6160.15,6156.05,6157.5
1756368420,6159.5,6160.55,6158.4,6160.25
1756368360,6157.5,6160.55,6156.65,6159.85
1756368300,6156.8,6158.25,6156.1,6158.2
1756368240,6157.25,6157.7,6155.45,6156.75
1756368180,6159.45,6160.35,6156.9,6156.9
1756368120,6159.9,6161.25,6159.1,6159.55
1756368060,6162.55,6162.85,6159.5,6160.15
1756368000,6163.65,6164.25,6162.25,6162.9
1756367940,6163.8,6165.2,6162.6,6164.2
1756367880,6165.3,6165.45,6162.6,6163.95
1756367820,6164.15,6165.55,6162.65,6165.35
1756367760,6163.95,6165.0,6162.6,6164.15
1756367700,6162.85,6165.15,6162.05,6164.3
1756367640,6162.3,6163.4,6161.5,6163.4
1756367580,6165.0,6165.7,6161.55,6162.55
1756367520,6164.3,6165.2,6162.7,6165.2
1756367460,6164.05,6165.25,6163.05,6164.75
1756367400,6165.35,6165.65,6163.15,6164.7
1756367340,6166.25,6166.5,6164.0,6164.55
1756367280,6168.6,6168.75,6164.75,6166.15
1756367220,6168.15,6169.45,6167.05,6168.6
1756367160,6167.75,6169.65,6167.35,6168.6
1756367100,6167.65,6168.2,6166.25,6167.75
1756367040,6167.5,6168.55,6166.6,6167.85
1756366980,6168.05,6169.9,6167.1,6167.5
1756366920,6167.0,6168.65,6166.3,6168.15
1756366860,6167.0,6167.85,6165.8,6167.85
1756366800,6166.65,6167.9,6165.5,6167.15
1756366740,6165.8,6167.4,6165.05,6166.65
1756366680,6167.1,6167.45,6165.05,6166.5
1756366620,6166.05,6167.85,6165.3,6167.3
1756366560,6167.3,6168.0,6164.4,6167.25
1756366500,6168.9,6169.45,6166.7,6167.3
1756366440,6167.65,6169.4,6167.5,6168.9
1756366380,6166.35,6168.95,6165.55,6167.7
1756366320,6165.6,6167.2,6164.05,6166.6
1756366260,6167.65,6168.35,6165.8,6166.0
1756366200,6168.65,6169.15,6166.45,6167.75
1756366140,6170.8,6171.0,6167.25,6167.35
1756366080,6171.3,6171.95,6170.1,6171.15
1756366020,6172.25,6173.3,6170.85,6172.0
1756365960,6170.35,6173.1,6170.1,6172.7
1756365900,6170.65,6171.3,6169.25,6170.6
1756365840,6169.45,6171.85,6169.45,6171.3
1756365780,6170.55,6170.85,6168.65,6170.3
1756365720,6171.0,6171.4,6169.2,6171.0
1756365660,6171.05,6172.15,6170.2,6171.95
1756365600,6171.2,6172.3,6170.1,6171.45
1756365540,6172.0,6173.05,6170.35,6171.05
1756365480,6172.15,6175.2,6171.9,6172.75
1756365420,6172.25,6173.4,6171.35,6172.7
1756365360,6170.75,6173.65,6169.95,6172.65
1756365300,6169.95,6171.6,6169.5,6171.15
1756365240,6168.9,6170.6,6167.55,6170.05
1756365180,6168.45,6170.05,6168.2,6169.3
1756365120,6169.0,6170.35,6168.2,6169.1
1756365060,6168.9,6170.0,6167.85,6169.1
1756365000,6168.45,6170.85,6168.05,6169.5
1756364940,6168.2,6171.15,6168.0,6168.85
1756364880,6169.1,6169.8,6167.65,6168.85
1756364820,6168.85,6170.45,6167.45,6169.7
1756364760,6169.7,6170.6,6167.75,6168.85
1756364700,6169.25,6170.95,6169.15,6170.2
1756364640,6169.7,6170.75,6168.9,6168.9
1756364580,6169.25,6170.45,6168.65,6170.25
1756364520,6169.7,6170.6,6168.15,6169.45
1756364460,6170.75,6171.1,6169.15,6170.15
1756364400,6169.75,6171.4,6169.1,6169.95
1756364340,6165.7,6170.1,6165.7,6170.0
1756364280,6165.3,6166.85,6163.5,6166.15
1756364220,6168.85,6168.9,6165.05,6165.3
1756364160,6165.7,6171.25,6165.45,6169.7
1756364100,6167.05,6168.55,6165.2,6166.45
1756364040,6166.75,6168.85,6166.3,6167.75
1756363980,6167.4,6168.45,6166.5,6167.45
1756363920,6170.85,6171.25,6167.55,6167.9
1756363860,6170.75,6172.25,6170.1,6171.25
1756363800,6171.45,6172.0,6169.95,6171.05
1756363740,6172.95,6172.95,6170.3,6171.85
1756363680,6173.85,6174.75,6171.95,6173.35
1756363620,6173.65,6174.85,6172.8,6173.7
1756363560,6175.65,6176.7,6173.8,6174.1
1756363500,6177.2,6177.8,6176.15,6176.3
1756363440,6176.4,6178.15,6176.4,6177.25
1756363380,6177.65,6178.15,6176.2,6176.4
1756363320,6178.75,6180.55,6177.15,6178.25
1756363260,6179.3,6180.2,6177.7,6178.75
1756363200,6179.3,6181.2,6179.3,6179.5
1756363140,6178.15,6179.95,6178.05,6179.4
1756363080,6180.7,6180.95,6177.55,6178.15
1756363020,6181.55,6182.6,6179.95,6180.4
1756362960,6180.9,6182.85,6180.9,6181.9
1756362900,6180.75,6181.75,6179.65,6180.9
1756362840,6179.7,6181.3,6179.65,6180.5
1756362780,6177.7,6181.15,6177.35,6179.65
1756362720,6174.35,6178.4,6174.35,6177.6
1756362660,6173.75,6175.1,6172.25,6174.8
1756362600,6173.55,6174.5,6172.8,6173.95
1756362540,6173.2,6174.75,6173.15,6173.65
1756362480,6174.75,6175.95,6173.1,6173.1
1756362420,6176.5,6176.6,6174.3,6174.65
1756362360,6178.65,6179.35,6175.45,6176.95
1756362300,6181.0,6181.5,6178.3,6178.65
1756362240,6183.1,6184.5,6180.45,6181.5
1756362180,6184.55,6185.8,6183.1,6183.45
1756362120,6184.15,6186.05,6184.15,6184.95
1756362060,6185.35,6186.05,6182.95,6184.7
1756362000,6184.1,6185.95,6183.9,6185.9
1756361940,6183.7,6185.2,6183.15,6184.3
1756361880,6183.95,6184.75,6182.85,6184.2
1756361820,6184.05,6185.75,6183.9,6184.25
1756361760,6184.4,6185.1,6183.35,6184.4
1756361700,6184.25,6185.65,6184.05,6184.4
1756361640,6185.2,6186.35,6184.15,6185.05
1756361580,6185.5,6186.35,6184.85,6185.65
1756361520,6187.45,6188.05,6185.5,6185.95
1756361460,6187.3,6188.55,6185.75,6187.65
1756361400,6187.05,6188.5,6186.75,6187.5
1756361340,6189.55,6189.95,6186.5,6187.25
1756361280,6188.25,6190.4,6187.5,6189.6
1756361220,6189.7,6190.6,6187.15,6188.35
1756361160,6190.7,6191.6,6189.0,6190.0
1756361100,6190.6,6192.05,6189.55,6190.7
1756361040,6188.25,6190.65,6188.1,6190.6
1756360980,6189.5,6191.05,6188.4,6188.6
1756360920,6189.3,6190.65,6188.75,6189.65
1756360860,6189.3,6191.0,6187.9,6189.2
1756360800,6187.7,6189.7,6187.55,6189.3
1756360740,6189.6,6189.6,6187.55,6187.55
1756360680,6187.45,6189.75,6186.9,6189.65
1756360620,6189.4,6189.4,6186.8,6186.85
1756360560,6190.25,6190.95,6188.05,6189.85
1756360500,6191.45,6191.85,6189.2,6190.25
1756360440,6190.6,6192.0,6189.8,6191.4
1756360380,6189.75,6192.15,6189.55,6190.55
1756360320,6191.95,6193.0,6189.2,6189.75
1756360260,6192.7,6192.95,6190.5,6191.8
1756360200,6187.5,6193.0,6187.5,6192.7
1756360140,6188.2,6189.15,6185.6,6187.9
1756360080,6190.1,6191.2,6187.5,6187.75
1756360020,6190.4,6191.5,6188.95,6190.45
1756359960,6190.7,6192.6,6190.4,6190.7
1756359900,6191.45,6192.25,6190.7,6190.7
1756359840,6191.05,6192.05,6189.95,6190.9
1756359780,6191.9,6193.05,6190.7,6190.7
1756359720,6191.9,6193.25,6190.85,6192.05
1756359660,6190.55,6192.55,6189.45,6191.9
1756359600,6193.4,6194.85,6190.1,6191.3
1756359540,6193.3,6193.75,6191.75,6193.3
1756359480,6190.95,6194.0,6190.55,6192.9
1756359420,6197.4,6198.15,6190.55,6191.25
1756359360,6195.25,6198.4,6194.7,6197.4
1756359300,6190.4,6195.4,6190.4,6195.3
1756359240,6192.0,6192.5,6189.7,6190.65
1756359180,6192.65,6192.65,6190.2,6192.0
1756359120,6194.35,6194.35,6191.3,6192.7
1756359060,6195.0,6195.0,6192.25,6194.2
1756359000,6194.5,6195.6,6194.1,6195.05
1756358940,6196.95,6197.05,6193.85,6194.4
1756358880,6191.5,6197.2,6191.1,6196.8
1756358820,6188.25,6191.45,6187.85,6191.45
1756358760,6186.0,6188.45,6185.25,6188.45
1756358700,6185.3,6187.4,6185.3,6186.55
1756358640,6183.65,6185.95,6183.35,6185.7
1756358580,6184.4,6184.6,6183.1,6183.65
1756358520,6184.85,6185.5,6183.4,6183.85
1756358460,6186.2,6186.7,6184.5,6184.85
1756358400,6187.05,6187.65,6185.15,6186.6
1756358340,6187.5,6188.6,6186.2,6187.1
1756358280,6185.1,6187.5,6184.35,6186.55
1756358220,6182.25,6185.55,6181.6,6184.9
1756358160,6180.3,6182.4,6180.05,6182.1
1756358100,6181.65,6182.3,6180.3,6180.3
1756358040,6181.15,6182.5,6180.8,6181.5
1756357980,6178.45,6182.35,6177.85,6180.85
1756357920,6181.65,6182.5,6178.35,6178.35
1756357860,6181.65,6183.15,6180.6,6182.0
1756357800,6182.3,6183.4,6180.85,6181.65
1756357740,6185.15,6185.65,6182.65,6182.65
1756357680,6184.05,6186.05,6183.55,6184.3
1756357620,6185.55,6186.45,6183.1,6184.5
1756357560,6184.5,6187.95,6183.8,6184.9
1756357500,6183.25,6185.2,6182.2,6184.2
1756357440,6181.7,6184.8,6180.45,6183.45
1756357380,6179.7,6182.15,6179.4,6182.1
1756357320,6178.9,6180.0,6177.5,6179.6
1756357260,6180.7,6181.2,6177.9,6178.9
1756357200,6179.25,6181.25,6177.75,6179.95
1756357140,6176.3,6178.6,6175.45,6178.6
1756357080,6171.45,6176.9,6169.75,6176.1
1756357020,6168.0,6171.4,6167.65,6170.85
1756356960,6167.9,6169.55,6167.1,6167.95
1756356900,6169.1,6169.1,6167.1,6168.05
1756356840,6165.75,6169.2,6165.65,6168.45
1756356780,6163.75,6167.45,6162.35,6165.75
1756356720,6161.75,6165.45,6161.15,6163.15
1756356660,6158.7,6162.7,6158.35,6162.35
1756356600,6159.05,6159.85,6158.25,6158.65
1756356540,6160.15,6161.1,6158.4,6158.4
1756356480,6161.95,6162.5,6160.15,6160.15
1756356420,6159.55,6162.15,6159.25,6161.45
1756356360,6160.45,6161.4,6159.3,6160.35
1756356300,6160.2,6161.6,6158.45,6160.7
1756356240,6159.15,6160.85,6158.55,6159.8
1756356180,6161.0,6162.0,6158.95,6158.95
1756356120,6159.35,6162.65,6159.25,6161.05
1756356060,6156.7,6160.15,6156.05,6159.35
1756356000,6153.2,6156.8,6153.2,6156.1
1756355940,6159.3,6159.3,6153.75,6153.75
1756355880,6160.05,6160.45,6158.3,6158.95
1756355820,6162.7,6162.9,6159.3,6159.9
1756355760,6162.0,6163.9,6160.45,6162.3
1756355700,6164.15,6164.3,6160.85,6162.0
1756355640,6161.6,6164.95,6160.95,6164.25
1756355580,6158.65,6162.35,6157.8,6161.9
1756355520,6159.15,6160.35,6158.3,6158.7
1756355460,6158.6,6160.05,6156.7,6159.6
1756355400,6154.9,6158.8,6154.9,6158.05
1756355340,6148.6,6155.25,6148.2,6154.45
1756355280,6145.3,6148.8,6143.95,6148.55
1756355220,6146.65,6146.65,6142.3,6144.95
1756355160,6148.35,6148.4,6145.9,6146.3
1756355100,6150.9,6151.5,6147.8,6148.35
1756355040,6150.1,6151.35,6149.0,6150.95
1756354980,6149.25,6152.4,6149.25,6150.15
1756354920,6143.8,6150.0,6142.55,6149.15
1756354860,6141.4,6143.45,6139.85,6143.45
1756354800,6139.35,6143.2,6138.75,6139.75
1756354740,6137.0,6139.4,6135.85,6139.4
1756354680,6141.6,6141.8,6135.85,6137.1
1756354620,6142.65,6142.65,6139.6,6141.1
1756354560,6141.25,6143.2,6140.15,6142.0
1756354500,6140.75,6142.15,6138.55,6141.55
1756354440,6143.85,6144.35,6139.05,6141.4
1756354380,6142.6,6144.4,6139.8,6143.8
1756354320,6144.9,6145.2,6141.85,6143.0
1756354260,6143.5,6145.45,6140.9,6145.45
1756354200,6136.05,6144.2,6135.65,6143.65
1756354140,6134.3,6137.5,6133.8,6136.25
1756354080,6133.4,6135.6,6132.6,6134.65
1756354020,6134.9,6135.0,6131.85,6133.5
1756353960,6134.85,6138.55,6133.95,6134.55
1756353900,6129.35,6135.85,6128.3,6135.85
1756353840,6128.1,6131.75,6127.9,6129.55
1756353780,6131.35,6131.75,6127.4,6128.7
1756353720,6131.9,6133.4,6128.8,6131.2
1756353660,6133.4,6133.7,6130.05,6132.65
1756353600,6130.45,6134.5,6130.05,6133.2
1756353540,6132.85,6133.45,6129.1,6130.95
1756353480,6138.6,6139.1,6132.25,6133.0
1756353420,6141.7,6142.2,6136.95,6139.05
1756353360,6142.5,6145.9,6140.45,6142.2
1756353300,6139.85,6144.5,6138.7,6142.35
1756353240,6146.7,6146.95,6138.4,6139.75
1756353180,6150.25,6151.75,6146.05,6147.0
1756353120,6156.4,6156.4,6149.2,6150.35
1756353060,6157.0,6157.6,6154.0,6156.55
1756353000,6159.6,6159.85,6152.4,6157.65
1756352940,6162.05,6165.4,6158.25,6158.8
1756352880,6164.4,6168.5,6161.95,6161.95
1756352820,6163.05,6168.05,6161.3,6163.7
1756352760,6174.1,6175.15,6161.95,6163.45
1756352700,6190.85,6195.95,6170.0,6174.5
