datetime,open,high,low,close
1756375020,5572.05,5577.15,5569.3,5576.8
1756374840,5571.45,5573.45,5571.3,5572.05
1756374660,5570.25,5571.15,5569.6,5570.7
1756374480,5570.7,5570.8,5568.0,5570.25
1756374300,5572.95,5572.95,5570.55,5570.55
1756374120,5571.3,5573.1,5569.85,5572.9
1756373940,5576.15,5576.15,5571.0,5571.2
1756373760,5577.85,5578.3,5574.95,5575.95
1756373580,5580.6,5580.85,5576.4,5577.75
1756373400,5583.55,5584.4,5579.55,5580.65
1756373220,5583.9,5584.9,5582.5,5583.55
1756373040,5582.2,5585.3,5582.1,5583.75
1756372860,5585.15,5585.15,5582.15,5582.2
1756372680,5582.25,5584.95,5581.7,5584.65
1756372500,5584.75,5584.95,5580.5,5582.3
1756372320,5586.0,5587.9,5584.4,5584.55
1756372140,5588.1,5588.75,5585.85,5586.0
1756371960,5586.8,5591.05,5586.7,5588.1
1756371780,5588.4,5588.85,5586.35,5586.8
1756371600,5592.5,5593.05,5588.4,5588.4
1756371420,5591.85,5592.9,5587.75,5592.45
1756371240,5594.4,5594.5,5590.1,5591.85
1756371060,5593.75,5594.75,5593.1,5594.4
1756370880,5593.55,5593.65,5592.45,5593.55
1756370700,5593.65,5594.35,5592.1,5593.5
1756370520,5594.3,5595.65,5592.95,5593.7
1756370340,5590.7,5594.5,5589.95,5594.05
1756370160,5588.55,5590.85,5588.45,5590.7
1756369980,5591.5,5591.5,5587.9,5588.35
1756369800,5591.7,5592.9,5590.95,5591.2
1756369620,5590.8,5591.7,5589.8,5591.7
1756369440,5589.8,5591.2,5589.35,5590.7
1756369260,5590.9,5591.35,5589.15,5589.4
1756369080,5590.25,5591.1,5589.8,5590.9
1756368900,5589.25,5590.65,5587.8,5589.9
1756368720,5587.2,5589.3,5586.45,5589.25
1756368540,5586.75,5589.75,5586.6,5587.2
1756368360,5585.2,5586.55,5585.0,5586.5
1756368180,5587.95,5588.25,5584.7,5585.2
1756368000,5589.0,5589.65,5587.95,5587.95
1756367820,5590.55,5590.6,5588.4,5588.85
1756367640,5589.95,5590.8,5589.0,5590.65
1756367460,5590.8,5591.3,5589.3,5589.95
1756367280,5593.8,5593.8,5590.8,5590.8
1756367100,5592.05,5594.0,5591.55,5593.65
1756366920,5591.1,5592.85,5590.55,5591.95
1756366740,5589.9,5591.1,5589.3,5590.9
1756366560,5592.0,5592.05,5589.45,5589.9
1756366380,5593.65,5593.8,5591.5,5591.5
1756366200,5596.75,5597.05,5593.45,5593.65
1756366020,5599.2,5599.9,5595.85,5596.75
1756365840,5600.2,5600.75,5599.1,5599.2
1756365660,5599.3,5600.25,5598.6,5600.1
1756365480,5600.8,5600.85,5598.75,5599.55
1756365300,5600.3,5601.65,5600.25,5600.8
1756365120,5601.15,5601.65,5599.95,5600.3
1756364940,5600.95,5601.4,5600.15,5601.15
1756364760,5602.55,5602.9,5600.25,5600.8
1756364580,5602.5,5602.85,5601.55,5602.55
1756364400,5601.75,5602.85,5601.3,5602.45
1756364220,5601.1,5601.9,5599.65,5601.9
1756364040,5600.75,5601.5,5600.05,5601.05
1756363860,5605.9,5605.95,5599.6,5600.75
1756363680,5607.3,5607.65,5605.5,5605.9
1756363500,5609.65,5611.05,5607.2,5607.3
1756363320,5611.0,5611.35,5609.65,5609.65
1756363140,5609.35,5611.4,5609.3,5611.0
1756362960,5610.3,5611.25,5609.35,5609.35
1756362780,5608.5,5611.0,5608.25,5610.25
1756362600,5610.05,5610.65,5608.45,5608.45
1756362420,5610.5,5610.85,5609.75,5610.1
1756362240,5612.9,5613.0,5610.05,5610.5
1756362060,5614.05,5614.1,5612.2,5613.0
1756361880,5614.25,5615.35,5613.9,5614.15
1756361700,5613.4,5614.45,5612.55,5614.25
1756361520,5612.7,5614.25,5611.9,5613.45
1756361340,5613.4,5613.55,5611.5,5612.75
1756361160,5612.95,5613.5,5612.35,5613.4
1756360980,5610.15,5613.5,5610.15,5612.95
1756360800,5608.5,5610.35,5608.3,5610.15
1756360620,5608.85,5609.4,5608.2,5608.5
1756360440,5609.5,5610.15,5608.65,5608.75
1756360260,5608.35,5609.5,5607.45,5609.5
1756360080,5608.9,5609.15,5606.2,5608.35
1756359900,5608.45,5609.45,5607.8,5608.9
1756359720,5608.2,5609.8,5608.0,5608.55
1756359540,5609.75,5610.5,5607.55,5608.2
1756359360,5611.2,5612.0,5609.05,5609.75
1756359180,5608.75,5611.2,5608.3,5611.2
1756359000,5610.65,5610.75,5607.7,5608.7
1756358820,5605.45,5611.85,5605.3,5610.55
1756358640,5604.2,5605.55,5603.85,5605.55
1756358460,5604.5,5604.7,5602.95,5604.0
1756358280,5602.8,5606.2,5602.8,5604.45
1756358100,5600.2,5603.1,5599.8,5602.75
1756357920,5599.0,5600.75,5597.55,5600.2
1756357740,5599.95,5600.2,5598.8,5599.0
1756357560,5599.5,5601.85,5599.2,5599.95
1756357380,5595.3,5600.2,5595.3,5599.6
1756357200,5595.35,5595.65,5593.9,5595.3
1756357020,5591.4,5595.65,5591.15,5595.35
1756356840,5591.85,5592.3,5590.0,5591.4
1756356660,5588.6,5591.85,5588.05,5591.85
1756356480,5592.65,5593.15,5588.4,5588.6
1756356300,5589.2,5593.75,5588.9,5592.65
1756356120,5592.0,5592.9,5589.0,5589.2
1756355940,5593.3,5593.3,5590.25,5592.0
1756355760,5592.5,5595.3,5592.15,5593.3
1756355580,5588.75,5593.75,5588.7,5592.5
1756355400,5589.55,5590.35,5587.4,5588.5
1756355220,5591.05,5591.35,5588.4,5589.4
1756355040,5594.45,5594.9,5590.55,5591.05
1756354860,5590.75,5596.55,5590.35,5594.7
1756354680,5593.75,5593.85,5588.5,5590.75
1756354500,5591.0,5594.2,5590.95,5593.85
1756354320,5590.8,5592.65,5589.5,5591.0
1756354140,5585.05,5593.1,5585.05,5590.95
1756353960,5584.85,5586.45,5583.85,5585.25
1756353780,5584.7,5584.7,5580.9,5584.45
1756353600,5586.35,5588.2,5583.1,5584.65
1756353420,5587.45,5589.0,5585.6,5586.65
1756353240,5591.45,5591.65,5584.4,5587.75
1756353060,5602.1,5602.3,5591.45,5591.45
1756352880,5609.25,5610.75,5600.95,5602.1
1756352700,5639.9,5640.75,5609.25,5609.45
