datetime,open,high,low,close
1756375140,20327.8,20348.65,20326.2,20341.45
1756375080,20332.45,20334.35,20326.8,20327.8
1756375020,20335.05,20338.0,20329.15,20332.45
1756374960,20332.65,20335.95,20330.7,20335.05
1756374900,20337.1,20338.75,20332.65,20332.65
1756374840,20332.9,20338.25,20332.15,20337.1
1756374780,20330.15,20331.5,20326.6,20330.85
1756374720,20331.25,20333.9,20328.8,20328.8
1756374660,20327.1,20332.7,20326.95,20331.25
1756374600,20323.65,20327.1,20319.65,20327.1
1756374540,20325.1,20327.2,20322.3,20322.95
1756374480,20328.4,20329.05,20323.2,20323.75
1756374420,20330.15,20332.35,20327.95,20327.95
1756374360,20334.4,20336.65,20329.65,20330.15
1756374300,20339.9,20339.9,20334.25,20334.25
1756374240,20327.7,20339.85,20327.7,20339.75
1756374180,20336.3,20338.85,20326.2,20326.6
1756374120,20334.75,20337.75,20332.2,20336.6
1756374060,20342.3,20343.15,20333.85,20334.5
1756374000,20345.15,20346.35,20340.55,20342.75
1756373940,20351.4,20351.45,20344.7,20345.65
1756373880,20350.05,20353.55,20347.95,20350.9
1756373820,20355.5,20355.8,20348.6,20350.05
1756373760,20357.8,20359.4,20354.35,20354.55
1756373700,20355.8,20360.7,20352.9,20357.35
1756373640,20365.4,20366.65,20354.3,20355.7
1756373580,20372.05,20372.65,20363.05,20365.7
1756373520,20368.85,20375.55,20367.6,20371.85
1756373460,20373.5,20374.15,20366.3,20367.9
1756373400,20383.05,20386.45,20372.6,20373.5
1756373340,20380.9,20383.35,20378.65,20383.05
1756373280,20384.1,20384.7,20380.7,20380.7
1756373220,20381.8,20386.55,20381.15,20383.85
1756373160,20376.0,20382.65,20375.45,20380.7
1756373100,20383.05,20384.3,20375.15,20375.15
1756373040,20375.5,20385.7,20375.35,20383.05
1756372980,20378.95,20379.95,20375.5,20375.5
1756372920,20379.3,20379.9,20377.45,20378.95
1756372860,20389.3,20389.3,20376.7,20379.45
1756372800,20379.85,20388.7,20379.1,20387.5
1756372740,20380.55,20384.3,20377.45,20379.85
1756372680,20378.9,20381.65,20378.55,20380.55
1756372620,20376.6,20379.65,20372.0,20378.95
1756372560,20385.65,20386.2,20375.05,20376.6
1756372500,20387.2,20387.7,20382.5,20385.3
1756372440,20387.45,20390.95,20386.25,20386.55
1756372380,20392.75,20393.9,20386.55,20388.05
1756372320,20391.9,20396.6,20391.9,20392.75
1756372260,20394.8,20395.55,20391.45,20391.9
1756372200,20397.9,20399.1,20394.8,20394.8
1756372140,20397.7,20399.0,20395.7,20397.9
1756372080,20406.65,20406.65,20397.7,20397.7
1756372020,20404.9,20408.6,20404.75,20406.3
1756371960,20395.05,20406.55,20395.05,20405.25
1756371900,20397.25,20398.8,20395.05,20395.05
1756371840,20397.95,20399.4,20395.8,20397.25
1756371780,20399.05,20401.1,20393.45,20397.95
1756371720,20418.35,20419.5,20399.05,20399.05
1756371660,20416.15,20420.05,20416.15,20418.35
1756371600,20419.7,20419.75,20416.15,20416.15
1756371540,20411.55,20420.75,20411.55,20419.65
1756371480,20406.65,20410.4,20403.75,20410.15
1756371420,20420.4,20420.4,20404.6,20406.65
1756371360,20424.9,20425.4,20414.45,20420.4
1756371300,20427.65,20428.05,20422.9,20424.9
1756371240,20430.4,20430.5,20425.8,20427.65
1756371180,20426.1,20430.85,20424.25,20430.4
1756371120,20428.1,20428.85,20425.05,20426.1
1756371060,20428.45,20430.0,20426.7,20428.1
1756371000,20427.25,20428.0,20425.0,20427.6
1756370940,20428.05,20428.6,20425.1,20427.1
1756370880,20427.0,20428.95,20424.2,20428.1
1756370820,20424.7,20427.35,20423.0,20427.25
1756370760,20423.65,20427.75,20423.65,20424.65
1756370700,20426.4,20426.4,20420.65,20422.2
1756370640,20426.9,20427.35,20423.85,20427.1
1756370580,20429.55,20429.55,20424.2,20426.55
1756370520,20425.35,20430.95,20424.65,20429.55
1756370460,20417.85,20426.6,20417.85,20425.0
1756370400,20414.45,20420.9,20414.45,20417.8
1756370340,20413.5,20415.5,20411.6,20415.0
1756370280,20413.55,20414.5,20410.7,20413.5
1756370220,20412.7,20414.4,20409.3,20412.85
1756370160,20406.5,20414.75,20406.05,20412.9
1756370100,20406.75,20408.1,20404.35,20406.15
1756370040,20410.35,20410.4,20405.05,20406.65
1756369980,20417.6,20417.6,20408.2,20410.35
1756369920,20419.8,20420.4,20415.65,20417.1
1756369860,20421.15,20421.8,20417.2,20419.6
1756369800,20417.05,20421.75,20416.65,20420.5
1756369740,20414.35,20417.05,20412.7,20417.05
1756369680,20413.55,20415.25,20411.55,20414.35
1756369620,20413.45,20415.25,20411.55,20413.45
1756369560,20411.95,20415.45,20410.25,20413.35
1756369500,20412.3,20413.7,20408.5,20411.8
1756369440,20410.75,20413.3,20409.1,20412.3
1756369380,20411.55,20412.3,20408.6,20409.55
1756369320,20416.15,20416.2,20409.15,20411.05
1756369260,20412.5,20416.35,20410.45,20415.6
1756369200,20412.5,20413.2,20409.95,20412.5
1756369140,20410.55,20413.9,20409.95,20412.5
1756369080,20411.8,20413.7,20409.65,20409.95
1756369020,20406.95,20411.1,20405.6,20410.65
1756368960,20407.85,20411.15,20404.1,20406.95
1756368900,20403.7,20409.5,20403.55,20407.85
1756368840,20404.0,20404.9,20400.75,20403.7
1756368780,20397.2,20403.45,20395.35,20403.05
1756368720,20392.7,20397.9,20391.55,20397.2
1756368660,20403.7,20404.2,20391.4,20392.7
1756368600,20400.7,20405.7,20399.35,20403.7
1756368540,20395.75,20400.7,20395.4,20400.7
1756368480,20392.15,20395.45,20390.95,20395.45
1756368420,20392.35,20392.55,20389.45,20392.15
1756368360,20388.05,20392.8,20387.3,20392.35
1756368300,20391.75,20393.3,20386.45,20388.05
1756368240,20395.05,20395.35,20389.4,20391.75
1756368180,20400.5,20401.15,20393.9,20393.9
1756368120,20403.7,20404.35,20400.1,20400.5
1756368060,20406.9,20408.4,20403.0,20403.7
1756368000,20405.65,20407.8,20403.7,20406.9
1756367940,20404.65,20407.5,20403.85,20405.6
1756367880,20410.0,20410.0,20403.25,20404.65
1756367820,20412.05,20412.5,20409.4,20410.0
1756367760,20413.7,20415.65,20411.5,20412.6
1756367700,20411.35,20415.25,20410.4,20413.7
1756367640,20413.65,20413.65,20410.15,20411.35
1756367580,20417.05,20418.6,20411.95,20413.65
1756367520,20415.5,20417.15,20413.8,20416.4
1756367460,20417.5,20418.85,20414.7,20415.5
1756367400,20420.45,20421.0,20417.5,20417.5
1756367340,20421.35,20421.65,20417.05,20420.45
1756367280,20426.25,20426.25,20419.7,20420.3
1756367220,20424.4,20426.9,20422.6,20425.4
1756367160,20422.95,20424.55,20421.9,20424.4
1756367100,20423.75,20424.05,20420.6,20422.95
1756367040,20422.5,20424.8,20422.1,20422.85
1756366980,20421.85,20424.25,20421.6,20422.15
1756366920,20420.0,20422.3,20417.75,20422.3
1756366860,20415.9,20419.9,20415.3,20419.35
1756366800,20411.2,20416.8,20409.85,20415.55
1756366740,20409.25,20411.7,20408.2,20411.0
1756366680,20413.15,20413.8,20408.0,20409.25
1756366620,20416.55,20417.8,20413.0,20413.0
1756366560,20418.7,20419.95,20414.5,20415.85
1756366500,20420.55,20424.4,20417.1,20417.1
1756366440,20418.6,20421.15,20417.75,20420.4
1756366380,20421.05,20421.95,20418.2,20419.15
1756366320,20421.9,20425.05,20420.15,20421.6
1756366260,20427.75,20427.8,20421.9,20421.9
1756366200,20433.95,20434.45,20427.4,20427.75
1756366140,20441.8,20441.8,20432.8,20433.35
1756366080,20443.0,20443.9,20441.3,20442.05
1756366020,20442.35,20444.4,20440.8,20442.9
1756365960,20443.7,20443.9,20441.55,20442.35
1756365900,20443.15,20444.65,20442.6,20443.6
1756365840,20443.4,20444.7,20442.0,20443.05
1756365780,20442.45,20443.7,20440.65,20443.15
1756365720,20441.4,20442.05,20440.0,20442.05
1756365660,20442.75,20444.5,20440.05,20441.4
1756365600,20444.45,20444.9,20442.45,20443.6
1756365540,20445.05,20445.05,20442.85,20444.4
1756365480,20447.85,20448.4,20444.2,20445.05
1756365420,20448.3,20448.95,20445.8,20447.65
1756365360,20446.9,20448.5,20444.8,20448.15
1756365300,20444.6,20447.25,20444.6,20446.9
1756365240,20445.75,20447.15,20444.3,20444.6
1756365180,20446.85,20448.25,20444.7,20445.2
1756365120,20445.2,20448.2,20444.2,20446.55
1756365060,20442.75,20445.2,20442.1,20445.2
1756365000,20443.55,20445.75,20441.95,20442.75
1756364940,20443.95,20446.05,20443.2,20443.4
1756364880,20444.3,20445.15,20441.7,20443.65
1756364820,20451.8,20451.9,20444.05,20444.3
1756364760,20453.55,20455.05,20450.95,20451.8
1756364700,20454.15,20454.2,20451.0,20453.85
1756364640,20453.6,20455.25,20452.15,20454.15
1756364580,20453.0,20454.8,20451.5,20453.6
1756364520,20451.65,20453.95,20450.6,20452.75
1756364460,20450.25,20453.75,20450.25,20451.65
1756364400,20451.6,20453.55,20449.35,20449.5
1756364340,20444.35,20451.95,20444.3,20451.95
1756364280,20444.25,20445.3,20442.9,20444.35
1756364220,20449.85,20449.85,20444.25,20444.25
1756364160,20447.6,20451.9,20445.25,20449.6
1756364100,20448.35,20450.9,20447.4,20447.6
1756364040,20446.9,20449.35,20445.7,20448.35
1756363980,20446.05,20446.9,20441.0,20446.9
1756363920,20456.0,20456.0,20445.75,20445.9
1756363860,20462.2,20462.2,20455.4,20456.1
1756363800,20462.95,20463.35,20460.15,20462.2
1756363740,20467.2,20467.25,20462.5,20462.95
1756363680,20470.5,20471.4,20466.35,20467.15
1756363620,20474.15,20474.75,20469.9,20470.5
1756363560,20482.2,20482.4,20474.15,20474.15
1756363500,20480.2,20485.2,20480.2,20482.2
1756363440,20481.9,20483.6,20479.9,20480.2
1756363380,20481.9,20483.2,20480.65,20481.9
1756363320,20481.55,20482.5,20480.25,20481.9
1756363260,20481.1,20483.15,20479.6,20481.55
1756363200,20480.65,20483.65,20480.0,20481.1
1756363140,20477.5,20480.8,20477.4,20480.65
1756363080,20484.15,20486.0,20476.6,20477.5
1756363020,20485.05,20486.05,20483.45,20484.65
1756362960,20484.3,20487.0,20482.35,20484.3
1756362900,20484.4,20487.15,20483.55,20483.9
1756362840,20479.5,20486.6,20478.7,20484.85
1756362780,20473.45,20479.8,20473.45,20478.75
1756362720,20476.3,20476.6,20472.6,20473.15
1756362660,20479.85,20480.8,20475.45,20477.0
1756362600,20480.45,20482.3,20479.4,20479.45
1756362540,20480.1,20482.8,20479.95,20480.8
1756362480,20483.0,20484.5,20479.55,20480.3
1756362420,20483.9,20484.15,20479.8,20482.7
1756362360,20486.95,20488.0,20482.05,20483.9
1756362300,20487.15,20487.55,20483.7,20486.3
1756362240,20499.5,20499.85,20487.15,20487.15
1756362180,20500.65,20500.95,20497.7,20499.65
1756362120,20499.35,20501.55,20499.35,20501.15
1756362060,20503.75,20503.75,20498.35,20499.35
1756362000,20506.7,20506.9,20502.85,20503.8
1756361940,20504.95,20507.4,20504.2,20506.5
1756361880,20502.7,20505.5,20502.3,20505.35
1756361820,20500.75,20503.5,20498.95,20502.7
1756361760,20498.25,20501.5,20496.5,20500.45
1756361700,20499.55,20501.15,20497.1,20498.8
1756361640,20499.7,20501.6,20498.8,20500.45
1756361580,20496.0,20500.15,20494.05,20499.7
1756361520,20496.05,20497.05,20492.9,20496.0
1756361460,20497.35,20497.8,20495.65,20496.1
1756361400,20491.55,20497.4,20491.55,20497.4
1756361340,20497.05,20498.05,20490.75,20491.8
1756361280,20494.3,20497.05,20493.5,20497.05
1756361220,20499.8,20499.8,20494.7,20495.2
1756361160,20498.05,20499.9,20496.4,20499.75
1756361100,20493.9,20498.75,20493.9,20498.05
1756361040,20491.05,20495.35,20490.9,20493.55
1756360980,20490.45,20493.7,20490.45,20491.05
1756360920,20488.35,20491.5,20488.05,20490.45
1756360860,20485.1,20490.35,20484.5,20488.3
1756360800,20482.0,20485.0,20481.25,20484.95
1756360740,20483.05,20483.15,20480.05,20482.0
1756360680,20482.2,20485.3,20481.35,20483.05
1756360620,20484.55,20485.6,20480.4,20482.2
1756360560,20487.45,20488.15,20483.8,20484.15
1756360500,20487.45,20489.35,20485.5,20487.15
1756360440,20488.45,20490.7,20485.8,20487.45
1756360380,20482.6,20489.0,20482.6,20488.45
1756360320,20482.15,20482.65,20479.75,20481.9
1756360260,20479.15,20483.2,20477.95,20483.2
1756360200,20477.8,20479.7,20475.1,20479.35
1756360140,20483.35,20484.05,20474.0,20477.8
1756360080,20484.55,20485.85,20482.3,20483.35
1756360020,20481.9,20485.45,20479.55,20484.55
1756359960,20484.75,20486.0,20480.3,20481.9
1756359900,20482.4,20486.6,20482.4,20485.35
1756359840,20484.05,20484.4,20480.65,20482.8
1756359780,20485.75,20487.4,20483.45,20484.0
1756359720,20481.1,20486.2,20479.95,20485.75
1756359660,20480.35,20481.1,20475.2,20481.1
1756359600,20485.5,20487.9,20479.4,20480.35
1756359540,20488.5,20488.95,20482.85,20485.5
1756359480,20484.2,20488.5,20483.2,20488.5
1756359420,20495.1,20496.2,20484.45,20484.45
1756359360,20496.7,20500.15,20494.15,20495.1
1756359300,20489.6,20496.7,20489.6,20496.7
1756359240,20489.5,20491.75,20485.2,20489.6
1756359180,20486.15,20490.6,20484.55,20489.5
1756359120,20488.05,20489.25,20482.95,20485.8
1756359060,20491.35,20491.35,20488.1,20488.55
1756359000,20496.35,20496.55,20491.55,20491.75
1756358940,20501.9,20502.0,20494.85,20496.0
1756358880,20487.05,20501.5,20487.05,20501.4
1756358820,20476.85,20486.35,20476.6,20485.55
1756358760,20476.3,20477.35,20475.25,20477.35
1756358700,20483.25,20483.25,20472.55,20476.75
1756358640,20475.15,20483.4,20474.25,20483.4
1756358580,20474.6,20475.7,20469.95,20474.8
1756358520,20475.5,20476.7,20472.5,20474.45
1756358460,20477.55,20477.55,20474.05,20476.2
1756358400,20482.0,20482.65,20477.55,20477.6
1756358340,20482.65,20486.25,20481.65,20482.35
1756358280,20473.75,20481.5,20473.75,20481.0
1756358220,20471.9,20474.5,20470.6,20474.0
1756358160,20466.3,20471.9,20465.8,20471.9
1756358100,20466.35,20467.2,20464.85,20466.3
1756358040,20462.3,20469.7,20462.3,20466.35
1756357980,20459.5,20462.65,20458.2,20462.65
1756357920,20465.7,20465.7,20456.4,20459.3
1756357860,20468.8,20469.55,20465.3,20465.35
1756357800,20470.75,20470.75,20468.2,20469.55
1756357740,20471.55,20472.9,20469.3,20471.05
1756357680,20471.2,20475.45,20470.85,20471.5
1756357620,20473.9,20475.95,20469.7,20470.8
1756357560,20476.3,20483.8,20474.65,20475.15
1756357500,20476.2,20478.6,20473.3,20475.75
1756357440,20467.45,20478.45,20467.15,20476.85
1756357380,20458.55,20467.75,20458.55,20467.45
1756357320,20454.15,20459.65,20452.15,20458.55
1756357260,20460.75,20461.55,20452.1,20454.15
1756357200,20459.1,20460.8,20456.3,20460.75
1756357140,20458.45,20459.4,20455.4,20459.1
1756357080,20448.4,20457.95,20448.15,20457.75
1756357020,20440.15,20448.4,20439.35,20448.4
1756356960,20436.9,20442.15,20436.9,20440.15
1756356900,20439.45,20440.3,20436.25,20436.9
1756356840,20438.7,20443.3,20435.95,20438.75
1756356780,20433.5,20439.75,20432.1,20438.7
1756356720,20431.75,20433.9,20429.4,20433.5
1756356660,20426.5,20431.75,20423.95,20431.75
1756356600,20432.95,20434.95,20425.9,20426.5
1756356540,20436.85,20436.85,20431.85,20432.95
1756356480,20445.35,20446.45,20436.55,20436.85
1756356420,20443.7,20449.4,20443.0,20445.35
1756356360,20438.95,20445.6,20438.25,20443.7
1756356300,20427.75,20439.2,20425.1,20438.95
1756356240,20431.85,20433.45,20427.15,20427.75
1756356180,20439.45,20440.5,20431.85,20431.85
1756356120,20435.2,20439.5,20434.9,20439.45
1756356060,20425.65,20435.85,20425.4,20435.2
1756356000,20427.75,20428.7,20423.55,20425.65
1756355940,20435.4,20435.4,20424.05,20427.75
1756355880,20439.35,20439.35,20433.6,20435.2
1756355820,20444.95,20445.85,20438.15,20439.35
1756355760,20435.45,20445.95,20433.5,20444.95
1756355700,20438.0,20440.45,20432.6,20435.45
1756355640,20432.75,20440.65,20430.45,20438.0
1756355580,20418.95,20434.05,20418.5,20432.45
1756355520,20422.7,20425.45,20418.55,20418.65
1756355460,20421.05,20423.75,20414.5,20422.85
1756355400,20424.65,20427.85,20420.55,20420.55
1756355340,20421.15,20426.65,20420.6,20424.1
1756355280,20419.9,20422.65,20416.4,20421.35
1756355220,20423.95,20425.05,20413.15,20418.9
1756355160,20429.85,20430.7,20423.75,20424.25
1756355100,20438.3,20438.3,20428.4,20429.85
1756355040,20434.5,20439.05,20431.45,20437.65
1756354980,20438.75,20443.55,20435.1,20435.1
1756354920,20420.55,20439.8,20420.55,20439.35
1756354860,20411.6,20419.85,20410.4,20419.25
1756354800,20406.4,20411.95,20405.35,20411.95
1756354740,20405.45,20406.05,20398.75,20406.05
1756354680,20423.8,20424.4,20405.05,20405.05
1756354620,20426.1,20427.7,20419.0,20424.4
1756354560,20425.05,20427.15,20423.0,20426.1
1756354500,20419.0,20427.25,20417.6,20424.4
1756354440,20417.4,20421.35,20417.4,20419.0
1756354380,20413.75,20417.6,20407.9,20416.65
1756354320,20408.6,20418.95,20408.6,20414.05
1756354260,20417.95,20418.4,20405.1,20408.75
1756354200,20402.35,20419.6,20402.15,20417.95
1756354140,20386.25,20405.7,20385.75,20402.35
1756354080,20381.45,20386.55,20379.1,20386.55
1756354020,20387.4,20388.65,20380.2,20381.45
1756353960,20386.75,20392.05,20384.9,20387.45
1756353900,20375.05,20385.35,20371.25,20385.25
1756353840,20378.75,20382.6,20374.6,20375.05
1756353780,20385.65,20386.45,20378.6,20379.6
1756353720,20384.55,20389.4,20379.9,20386.1
1756353660,20385.4,20391.2,20382.85,20384.55
1756353600,20394.0,20399.95,20385.95,20386.85
1756353540,20390.65,20400.45,20390.65,20392.95
1756353480,20401.15,20401.15,20390.55,20391.45
1756353420,20398.85,20409.7,20393.1,20401.75
1756353360,20398.1,20401.7,20392.2,20398.35
1756353300,20399.25,20403.6,20389.95,20399.95
1756353240,20425.05,20425.4,20397.55,20399.25
1756353180,20453.6,20454.3,20424.65,20425.05
1756353120,20471.1,20471.1,20452.65,20453.15
1756353060,20478.05,20479.45,20461.75,20471.1
1756353000,20494.45,20497.45,20474.55,20478.05
1756352940,20496.15,20502.05,20494.45,20494.45
1756352880,20506.9,20512.4,20492.65,20496.15
1756352820,20516.2,20523.05,20507.5,20508.35
1756352760,20531.4,20536.25,20515.7,20516.2
1756352700,20591.45,20592.95,20520.75,20531.4
