datetime,open,high,low,close
1756375140,11222.4,11229.55,11219.05,11228.35
1756375080,11220.35,11223.75,11219.65,11222.65
1756375020,11218.05,11221.55,11215.95,11221.55
1756374960,11215.7,11218.55,11215.5,11217.75
1756374900,11213.7,11216.0,11213.7,11215.65
1756374840,11211.1,11214.1,11210.05,11214.1
1756374780,11210.75,11211.55,11209.3,11210.85
1756374720,11211.3,11212.35,11209.85,11210.0
1756374660,11210.3,11211.55,11209.0,11210.8
1756374600,11205.9,11210.35,11205.1,11209.9
1756374540,11206.45,11207.9,11205.0,11205.2
1756374480,11206.4,11207.25,11204.9,11206.0
1756374420,11205.8,11207.2,11204.95,11205.25
1756374360,11207.75,11208.65,11205.35,11205.45
1756374300,11208.15,11209.8,11206.8,11206.8
1756374240,11204.3,11208.85,11203.95,11208.1
1756374180,11210.4,11211.6,11204.1,11204.1
1756374120,11205.7,11210.55,11205.35,11210.35
1756374060,11210.15,11210.85,11204.75,11205.3
1756374000,11208.5,11210.85,11207.75,11210.05
1756373940,11209.65,11209.75,11207.15,11208.0
1756373880,11210.8,11211.75,11209.25,11209.45
1756373820,11212.95,11213.65,11210.55,11210.8
1756373760,11215.35,11215.4,11212.15,11212.15
1756373700,11213.65,11216.8,11213.55,11215.5
1756373640,11217.8,11218.65,11213.55,11214.2
1756373580,11220.0,11220.35,11216.9,11217.95
1756373520,11218.2,11222.45,11217.0,11220.25
1756373460,11219.55,11219.7,11215.55,11218.2
1756373400,11224.6,11226.55,11218.3,11219.65
1756373340,11223.1,11225.1,11221.5,11223.65
1756373280,11225.8,11227.0,11222.0,11223.05
1756373220,11220.9,11226.05,11219.2,11225.95
1756373160,11219.3,11221.65,11218.75,11221.5
1756373100,11224.1,11225.95,11218.65,11219.35
1756373040,11218.55,11229.15,11218.55,11225.0
1756372980,11220.5,11221.8,11217.55,11219.5
1756372920,11218.95,11221.15,11218.95,11221.15
1756372860,11220.55,11220.7,11217.15,11219.7
1756372800,11216.3,11220.35,11215.35,11220.05
1756372740,11219.25,11219.55,11214.55,11216.55
1756372680,11220.3,11221.8,11217.8,11219.15
1756372620,11222.55,11222.6,11216.9,11221.05
1756372560,11227.25,11227.25,11220.75,11222.6
1756372500,11231.3,11231.8,11225.0,11226.6
1756372440,11231.3,11232.65,11230.2,11230.5
1756372380,11237.35,11237.35,11230.95,11230.95
1756372320,11238.3,11240.4,11236.85,11237.2
1756372260,11239.0,11240.65,11237.95,11238.35
1756372200,11240.0,11241.55,11238.4,11238.75
1756372140,11241.2,11242.2,11238.9,11240.05
1756372080,11244.35,11244.35,11240.35,11241.1
1756372020,11241.15,11244.65,11241.15,11244.15
1756371960,11234.75,11242.25,11233.75,11241.05
1756371900,11235.3,11237.25,11233.9,11234.15
1756371840,11237.05,11238.05,11234.25,11235.1
1756371780,11242.45,11242.5,11236.65,11237.15
1756371720,11252.45,11253.2,11242.2,11242.45
1756371660,11252.25,11253.85,11251.6,11252.25
1756371600,11254.6,11254.65,11251.35,11252.5
1756371540,11251.0,11256.5,11251.0,11254.9
1756371480,11246.3,11251.35,11245.05,11251.1
1756371420,11252.15,11252.3,11244.2,11246.65
1756371360,11256.5,11256.6,11250.5,11252.05
1756371300,11257.2,11257.9,11255.85,11257.1
1756371240,11258.3,11259.2,11256.3,11257.2
1756371180,11254.15,11259.25,11253.8,11258.55
1756371120,11255.35,11256.1,11253.3,11254.0
1756371060,11255.1,11255.8,11254.2,11255.25
1756371000,11256.3,11256.6,11253.4,11255.1
1756370940,11255.7,11256.5,11254.85,11255.8
1756370880,11255.0,11255.85,11252.8,11255.6
1756370820,11253.45,11255.5,11252.8,11255.15
1756370760,11252.95,11254.95,11252.7,11253.5
1756370700,11254.55,11255.5,11252.45,11253.6
1756370640,11255.4,11255.85,11253.5,11255.1
1756370580,11258.8,11259.05,11254.2,11255.65
1756370520,11256.0,11260.1,11255.7,11259.0
1756370460,11247.3,11256.2,11247.3,11256.15
1756370400,11241.7,11249.85,11241.7,11247.8
1756370340,11240.0,11242.1,11238.95,11242.0
1756370280,11238.65,11240.8,11238.65,11240.65
1756370220,11237.05,11239.25,11236.5,11239.2
1756370160,11234.5,11238.15,11234.35,11237.3
1756370100,11234.6,11235.25,11232.3,11234.65
1756370040,11236.35,11236.65,11233.0,11234.35
1756369980,11237.0,11237.9,11235.15,11236.3
1756369920,11237.45,11239.05,11236.8,11237.2
1756369860,11237.15,11237.95,11235.1,11237.7
1756369800,11232.05,11237.35,11231.65,11237.15
1756369740,11230.4,11232.05,11230.15,11231.85
1756369680,11229.6,11230.95,11228.4,11230.7
1756369620,11229.4,11231.2,11228.55,11229.7
1756369560,11230.85,11231.75,11228.95,11229.8
1756369500,11231.6,11232.95,11230.35,11231.05
1756369440,11230.75,11232.55,11230.25,11232.25
1756369380,11234.35,11234.85,11229.45,11231.0
1756369320,11235.85,11236.7,11233.55,11234.6
1756369260,11234.7,11237.2,11234.3,11236.05
1756369200,11235.85,11236.55,11234.3,11234.45
1756369140,11237.0,11237.35,11235.4,11236.3
1756369080,11236.35,11238.25,11236.05,11237.4
1756369020,11234.95,11236.85,11233.25,11236.55
1756368960,11237.25,11238.3,11233.75,11234.7
1756368900,11239.15,11239.95,11237.0,11237.65
1756368840,11239.3,11239.65,11237.2,11238.6
1756368780,11236.8,11239.4,11235.45,11239.15
1756368720,11235.1,11238.1,11234.6,11237.05
1756368660,11240.25,11240.65,11234.85,11234.85
1756368600,11239.95,11241.8,11239.4,11240.7
1756368540,11236.3,11240.5,11235.9,11239.75
1756368480,11236.65,11236.8,11234.25,11235.7
1756368420,11236.25,11237.0,11235.35,11236.7
1756368360,11235.85,11237.0,11234.85,11236.55
1756368300,11236.9,11237.05,11234.45,11235.7
1756368240,11236.15,11237.35,11234.85,11236.9
1756368180,11241.5,11242.15,11234.95,11235.95
1756368120,11242.15,11242.9,11241.0,11241.45
1756368060,11244.4,11244.9,11241.3,11242.0
1756368000,11245.05,11245.8,11243.05,11244.75
1756367940,11243.9,11245.75,11242.7,11245.15
1756367880,11248.2,11248.45,11242.95,11244.15
1756367820,11248.95,11249.05,11247.15,11248.1
1756367760,11248.25,11249.5,11246.55,11248.8
1756367700,11245.0,11248.8,11244.25,11248.5
1756367640,11244.4,11245.65,11243.35,11245.2
1756367580,11245.15,11246.5,11243.7,11244.4
1756367520,11243.5,11246.1,11243.25,11245.4
1756367460,11246.0,11246.0,11243.75,11244.1
1756367400,11247.0,11247.25,11245.25,11246.35
1756367340,11246.25,11247.05,11245.25,11246.85
1756367280,11248.75,11249.0,11245.35,11246.1
1756367220,11249.7,11250.2,11247.3,11248.85
1756367160,11247.85,11250.45,11247.35,11249.85
1756367100,11248.05,11248.55,11247.15,11247.55
1756367040,11247.75,11248.65,11246.7,11247.25
1756366980,11246.55,11248.7,11246.45,11247.7
1756366920,11246.25,11247.5,11245.25,11246.3
1756366860,11245.0,11247.1,11244.8,11246.8
1756366800,11245.9,11246.3,11244.35,11245.0
1756366740,11244.9,11246.7,11243.95,11246.35
1756366680,11245.45,11245.55,11243.2,11245.2
1756366620,11246.15,11247.0,11244.75,11245.5
1756366560,11249.25,11249.9,11245.35,11246.7
1756366500,11250.85,11252.2,11249.0,11249.2
1756366440,11249.05,11250.3,11247.95,11250.3
1756366380,11248.8,11250.3,11247.8,11249.2
1756366320,11250.05,11251.8,11248.45,11248.9
1756366260,11251.8,11253.1,11249.7,11250.65
1756366200,11255.95,11256.1,11251.7,11251.7
1756366140,11258.4,11258.45,11251.95,11255.95
1756366080,11261.1,11261.1,11258.25,11258.65
1756366020,11261.85,11262.05,11260.25,11260.6
1756365960,11261.0,11262.05,11260.0,11261.95
1756365900,11262.9,11264.0,11260.8,11261.45
1756365840,11264.3,11264.85,11262.4,11263.05
1756365780,11263.2,11264.05,11261.75,11264.05
1756365720,11264.75,11265.15,11263.05,11263.2
1756365660,11264.45,11265.35,11263.75,11265.05
1756365600,11263.85,11264.75,11263.1,11264.5
1756365540,11264.3,11264.85,11263.05,11263.8
1756365480,11264.15,11266.6,11264.0,11264.7
1756365420,11264.5,11265.05,11262.85,11264.45
1756365360,11264.45,11265.35,11263.35,11264.6
1756365300,11263.15,11265.55,11263.15,11264.3
1756365240,11265.25,11265.55,11262.8,11263.9
1756365180,11266.8,11267.1,11264.9,11265.3
1756365120,11267.8,11268.05,11265.85,11266.85
1756365060,11266.7,11268.35,11265.15,11267.9
1756365000,11268.4,11268.85,11266.0,11267.05
1756364940,11268.8,11270.55,11267.95,11268.4
1756364880,11269.8,11270.55,11267.9,11269.35
1756364820,11271.7,11272.3,11269.8,11270.35
1756364760,11272.9,11273.4,11271.1,11271.85
1756364700,11273.35,11273.9,11271.3,11272.95
1756364640,11273.4,11275.2,11273.15,11273.2
1756364580,11270.1,11273.35,11269.55,11273.35
1756364520,11270.2,11271.35,11269.85,11270.25
1756364460,11270.7,11271.85,11269.3,11270.5
1756364400,11270.95,11272.55,11269.85,11270.25
1756364340,11269.85,11272.1,11269.85,11271.35
1756364280,11269.7,11270.5,11268.8,11270.2
1756364220,11271.5,11272.85,11268.9,11269.7
1756364160,11269.65,11274.35,11269.2,11272.1
1756364100,11269.45,11270.55,11267.55,11270.25
1756364040,11272.0,11272.8,11268.1,11269.55
1756363980,11274.6,11274.6,11271.15,11272.35
1756363920,11277.35,11277.9,11273.6,11274.7
1756363860,11279.2,11279.9,11277.7,11277.9
1756363800,11278.5,11280.4,11278.1,11279.5
1756363740,11280.15,11280.25,11277.85,11278.85
1756363680,11284.35,11284.85,11280.1,11280.5
1756363620,11286.35,11286.75,11283.35,11284.45
1756363560,11289.0,11289.8,11285.7,11286.2
1756363500,11286.25,11290.15,11286.25,11289.25
1756363440,11288.4,11288.75,11285.9,11286.25
1756363380,11286.5,11288.8,11285.85,11288.3
1756363320,11288.25,11288.65,11285.3,11286.45
1756363260,11287.95,11289.55,11287.5,11287.9
1756363200,11288.3,11289.65,11287.6,11288.0
1756363140,11288.65,11289.15,11288.05,11288.55
1756363080,11291.45,11291.55,11287.7,11288.4
1756363020,11289.05,11292.05,11289.0,11290.8
1756362960,11287.3,11289.1,11287.3,11288.85
1756362900,11286.3,11288.0,11285.85,11287.25
1756362840,11282.75,11286.4,11282.5,11285.95
1756362780,11280.75,11283.15,11279.75,11282.5
1756362720,11282.55,11283.4,11280.35,11280.5
1756362660,11284.05,11284.6,11282.25,11282.45
1756362600,11283.95,11285.05,11282.2,11283.75
1756362540,11284.35,11285.9,11284.15,11284.15
1756362480,11286.65,11287.4,11284.15,11284.3
1756362420,11287.2,11287.45,11285.75,11286.55
1756362360,11290.65,11290.85,11287.0,11287.65
1756362300,11291.65,11291.85,11289.5,11290.3
1756362240,11297.6,11297.95,11291.15,11291.9
1756362180,11299.2,11299.85,11297.75,11297.75
1756362120,11298.85,11300.05,11298.3,11299.25
1756362060,11300.3,11301.15,11298.1,11298.95
1756362000,11298.6,11300.7,11298.6,11300.55
1756361940,11296.45,11299.85,11296.15,11298.55
1756361880,11297.85,11298.55,11295.55,11296.55
1756361820,11297.6,11300.5,11297.6,11297.7
1756361760,11297.0,11298.3,11296.05,11298.0
1756361700,11298.35,11298.95,11296.25,11296.8
1756361640,11298.85,11299.25,11297.85,11298.4
1756361580,11297.05,11299.0,11295.15,11298.75
1756361520,11298.7,11300.2,11296.25,11297.45
1756361460,11298.05,11299.6,11297.45,11298.85
1756361400,11298.0,11300.75,11298.0,11298.1
1756361340,11303.25,11303.75,11298.25,11298.25
1756361280,11301.2,11304.35,11300.75,11303.05
1756361220,11302.85,11303.25,11299.85,11301.5
1756361160,11300.6,11303.0,11300.35,11302.7
1756361100,11299.85,11302.7,11299.5,11300.55
1756361040,11298.4,11300.65,11298.0,11300.15
1756360980,11297.4,11300.0,11296.95,11298.2
1756360920,11294.45,11298.0,11294.2,11297.5
1756360860,11293.45,11295.85,11293.3,11294.45
1756360800,11291.55,11294.1,11291.5,11293.6
1756360740,11294.0,11294.35,11291.55,11291.55
1756360680,11292.4,11294.65,11291.9,11294.0
1756360620,11294.95,11294.95,11292.0,11292.55
1756360560,11297.7,11297.7,11294.15,11294.9
1756360500,11297.8,11298.15,11296.4,11297.35
1756360440,11295.95,11298.15,11295.95,11297.4
1756360380,11294.95,11296.9,11294.1,11296.35
1756360320,11296.0,11296.5,11292.7,11294.6
1756360260,11297.3,11297.9,11295.35,11296.2
1756360200,11290.85,11297.35,11290.85,11297.0
1756360140,11290.85,11291.4,11288.05,11291.25
1756360080,11294.05,11294.35,11290.4,11290.6
1756360020,11292.6,11294.5,11291.7,11294.15
1756359960,11294.2,11295.15,11292.45,11292.45
1756359900,11293.25,11294.55,11292.9,11293.9
1756359840,11294.85,11295.25,11293.0,11293.0
1756359780,11294.4,11295.25,11293.5,11294.95
1756359720,11292.0,11295.6,11291.0,11294.55
1756359660,11289.2,11292.55,11287.5,11292.2
1756359600,11294.05,11294.95,11289.55,11289.7
1756359540,11294.8,11295.1,11293.15,11294.15
1756359480,11296.5,11297.1,11294.3,11294.7
1756359420,11301.95,11303.55,11296.6,11296.6
1756359360,11297.5,11303.25,11297.5,11302.0
1756359300,11290.6,11297.95,11290.4,11297.6
1756359240,11293.0,11293.75,11289.65,11290.3
1756359180,11293.3,11293.3,11290.8,11292.45
1756359120,11293.3,11295.2,11292.1,11292.8
1756359060,11294.2,11294.4,11292.55,11293.1
1756359000,11295.35,11297.6,11293.8,11293.8
1756358940,11297.55,11297.7,11294.5,11295.8
1756358880,11290.4,11299.0,11290.4,11297.5
1756358820,11285.9,11290.2,11285.9,11289.9
1756358760,11281.9,11286.25,11281.5,11286.25
1756358700,11283.4,11283.55,11280.6,11281.9
1756358640,11281.8,11283.75,11281.55,11283.6
1756358580,11282.7,11283.95,11280.35,11282.05
1756358520,11283.0,11283.95,11281.6,11282.4
1756358460,11285.4,11285.45,11281.85,11282.7
1756358400,11283.6,11285.85,11282.35,11285.4
1756358340,11285.55,11286.2,11283.35,11283.55
1756358280,11282.6,11285.3,11282.3,11284.95
1756358220,11281.45,11283.05,11280.55,11282.6
1756358160,11279.1,11281.5,11278.9,11280.65
1756358100,11275.95,11279.35,11275.55,11279.15
1756358040,11276.0,11277.85,11274.85,11275.7
1756357980,11273.95,11275.75,11272.25,11275.65
1756357920,11278.55,11279.0,11273.5,11273.85
1756357860,11280.1,11280.3,11278.0,11278.45
1756357800,11279.2,11280.4,11278.45,11279.65
1756357740,11283.95,11285.5,11279.4,11279.4
1756357680,11283.45,11286.05,11283.45,11283.7
1756357620,11284.45,11285.5,11282.4,11283.75
1756357560,11283.6,11287.65,11283.45,11284.15
1756357500,11282.65,11285.4,11281.7,11284.1
1756357440,11274.5,11282.15,11274.5,11281.55
1756357380,11272.6,11275.1,11272.6,11274.55
1756357320,11270.5,11273.8,11270.1,11272.2
1756357260,11270.45,11271.7,11268.7,11270.4
1756357200,11269.35,11271.2,11268.7,11270.5
1756357140,11271.35,11271.45,11268.3,11269.15
1756357080,11267.95,11271.4,11267.65,11271.2
1756357020,11264.25,11268.05,11264.0,11267.6
1756356960,11264.95,11267.3,11264.3,11264.3
1756356900,11263.85,11264.9,11262.65,11264.6
1756356840,11262.65,11265.1,11261.55,11263.15
1756356780,11260.25,11262.85,11258.95,11262.45
1756356720,11254.75,11260.45,11253.0,11260.15
1756356660,11254.55,11255.7,11252.25,11254.85
1756356600,11257.35,11257.35,11253.8,11254.3
1756356540,11259.45,11260.95,11256.55,11257.25
1756356480,11265.0,11265.85,11259.9,11260.1
1756356420,11266.35,11267.25,11264.7,11265.2
1756356360,11264.3,11268.1,11264.0,11266.2
1756356300,11261.1,11265.55,11260.6,11264.35
1756356240,11264.7,11265.55,11260.85,11260.85
1756356180,11269.4,11269.85,11264.85,11265.3
1756356120,11267.7,11271.45,11267.55,11269.35
1756356060,11266.0,11269.7,11265.8,11267.6
1756356000,11260.55,11266.2,11260.35,11265.95
1756355940,11266.8,11266.8,11259.9,11260.75
1756355880,11268.95,11269.55,11266.85,11267.05
1756355820,11272.9,11273.65,11268.7,11269.15
1756355760,11269.95,11273.35,11268.5,11272.85
1756355700,11270.05,11271.6,11268.5,11270.0
1756355640,11268.6,11271.6,11267.7,11269.95
1756355580,11263.35,11268.95,11263.2,11268.95
1756355520,11262.85,11265.0,11261.65,11263.05
1756355460,11261.65,11263.95,11256.8,11262.9
1756355400,11260.45,11264.75,11260.45,11261.45
1756355340,11253.2,11261.2,11252.4,11260.25
1756355280,11248.85,11254.7,11247.75,11253.2
1756355220,11249.95,11250.35,11243.75,11248.7
1756355160,11250.75,11250.85,11247.15,11249.85
1756355100,11256.8,11256.95,11250.6,11250.75
1756355040,11254.15,11256.65,11253.35,11256.6
1756354980,11251.7,11257.45,11251.7,11254.35
1756354920,11238.4,11251.85,11238.0,11251.7
1756354860,11230.4,11239.25,11230.25,11238.15
1756354800,11226.85,11230.75,11226.3,11229.75
1756354740,11221.4,11226.95,11219.3,11226.95
1756354680,11230.55,11231.95,11221.75,11222.1
1756354620,11237.25,11237.25,11230.3,11230.3
1756354560,11233.4,11238.0,11232.8,11236.8
1756354500,11229.65,11234.45,11227.15,11233.25
1756354440,11230.05,11232.4,11229.4,11229.6
1756354380,11227.5,11229.9,11222.35,11229.85
1756354320,11232.3,11234.9,11228.2,11228.2
1756354260,11240.35,11240.35,11228.2,11232.15
1756354200,11218.95,11242.05,11218.7,11239.9
1756354140,11210.2,11219.85,11210.1,11218.85
1756354080,11209.3,11211.3,11208.95,11210.75
1756354020,11211.3,11212.25,11207.8,11209.4
1756353960,11210.5,11215.15,11209.95,11211.1
1756353900,11200.15,11210.7,11197.85,11210.25
1756353840,11199.15,11201.75,11198.4,11199.6
1756353780,11203.6,11204.35,11199.0,11199.45
1756353720,11201.2,11204.8,11197.7,11203.95
1756353660,11201.35,11203.2,11200.2,11201.45
1756353600,11205.7,11206.3,11201.05,11201.05
1756353540,11202.65,11207.7,11202.55,11205.6
1756353480,11209.35,11210.25,11202.7,11202.8
1756353420,11211.4,11213.55,11207.9,11209.4
1756353360,11207.9,11216.1,11206.6,11211.8
1756353300,11203.45,11208.5,11200.6,11207.8
1756353240,11212.65,11212.65,11202.4,11203.35
1756353180,11220.6,11220.9,11211.9,11212.8
1756353120,11233.9,11233.9,11220.7,11221.35
1756353060,11239.15,11239.65,11231.85,11234.25
1756353000,11243.0,11243.3,11234.25,11239.3
1756352940,11244.9,11247.85,11241.65,11242.3
1756352880,11250.1,11252.95,11244.7,11245.35
1756352820,11253.65,11257.7,11249.7,11250.2
1756352760,11270.85,11271.7,11253.05,11253.65
1756352700,11273.6,11283.55,11264.0,11271.45
