datetime,open,high,low,close
1756375020,24513.15,24545.6,24510.85,24533.1
1756374840,24504.8,24518.05,24503.15,24513.75
1756374660,24499.95,24509.8,24497.8,24504.3
1756374480,24499.3,24500.3,24488.75,24499.25
1756374300,24501.5,24504.4,24494.3,24499.0
1756374120,24486.85,24503.1,24483.95,24502.25
1756373940,24491.7,24495.75,24481.6,24486.4
1756373760,24503.6,24507.35,24490.55,24492.45
1756373580,24509.35,24509.55,24491.1,24501.8
1756373400,24522.4,24525.05,24494.95,24509.7
1756373220,24520.0,24527.65,24514.55,24523.0
1756373040,24506.7,24531.05,24506.7,24520.1
1756372860,24515.35,24516.4,24504.3,24509.65
1756372680,24502.25,24517.1,24493.8,24517.05
1756372500,24529.1,24530.15,24494.45,24504.25
1756372320,24536.55,24545.15,24524.0,24527.6
1756372140,24544.8,24550.65,24534.55,24536.15
1756371960,24534.05,24558.1,24532.1,24544.7
1756371780,24551.95,24552.3,24531.05,24531.05
1756371600,24568.9,24569.25,24551.25,24553.25
1756371420,24564.15,24574.05,24542.35,24570.35
1756371240,24590.05,24590.95,24560.05,24563.35
1756371060,24576.7,24592.1,24574.4,24590.1
1756370880,24577.7,24579.15,24573.1,24576.9
1756370700,24573.9,24581.0,24566.45,24577.7
1756370520,24578.0,24588.05,24570.2,24573.45
1756370340,24549.05,24579.15,24546.2,24577.45
1756370160,24537.9,24551.55,24537.4,24550.45
1756369980,24545.05,24545.35,24531.5,24538.2
1756369800,24537.5,24550.7,24536.15,24545.4
1756369620,24535.65,24538.7,24533.7,24536.7
1756369440,24537.0,24542.15,24533.9,24536.4
1756369260,24547.05,24548.95,24534.1,24538.25
1756369080,24547.75,24552.1,24544.45,24547.15
1756368900,24553.05,24554.9,24537.6,24548.45
1756368720,24547.7,24553.7,24544.3,24552.0
1756368540,24545.9,24560.2,24545.8,24549.3
1756368360,24536.2,24545.4,24534.7,24545.4
1756368180,24550.25,24550.95,24533.65,24536.45
1756368000,24554.45,24557.55,24550.05,24551.05
1756367820,24561.35,24562.65,24551.0,24555.05
1756367640,24550.1,24562.9,24548.75,24562.4
1756367460,24556.4,24556.4,24549.7,24551.35
1756367280,24562.45,24562.7,24554.05,24556.5
1756367100,24560.25,24566.05,24557.85,24562.75
1756366920,24552.55,24561.35,24551.3,24557.9
1756366740,24548.0,24554.0,24545.95,24553.4
1756366560,24559.25,24559.25,24543.55,24548.35
1756366380,24562.4,24567.15,24557.1,24559.4
1756366200,24577.55,24578.05,24560.55,24562.6
1756366020,24593.0,24593.0,24570.15,24577.75
1756365840,24594.75,24595.85,24589.1,24593.2
1756365660,24593.2,24594.7,24586.1,24594.45
1756365480,24592.2,24595.3,24587.85,24593.65
1756365300,24585.15,24596.05,24585.15,24593.15
1756365120,24591.25,24591.75,24583.25,24586.05
1756364940,24590.9,24595.4,24585.05,24591.45
1756364760,24594.1,24595.4,24587.3,24591.35
1756364580,24592.15,24599.2,24588.85,24594.0
1756364400,24593.55,24597.5,24590.3,24592.3
1756364220,24591.35,24594.9,24586.0,24593.2
1756364040,24584.6,24593.55,24580.2,24591.75
1756363860,24610.1,24610.5,24582.55,24585.55
1756363680,24615.45,24616.4,24605.95,24610.35
1756363500,24627.2,24631.65,24613.45,24615.45
1756363320,24630.15,24632.55,24625.45,24626.6
1756363140,24626.45,24634.35,24624.0,24630.05
1756362960,24626.7,24635.35,24624.5,24626.95
1756362780,24613.3,24627.65,24611.9,24626.65
1756362600,24622.6,24625.8,24611.8,24613.4
1756362420,24625.5,24627.55,24620.25,24622.75
1756362240,24650.5,24651.45,24625.35,24625.95
1756362060,24656.95,24657.9,24648.55,24651.55
1756361880,24654.9,24658.85,24650.9,24657.3
1756361700,24654.65,24658.9,24647.35,24655.3
1756361520,24657.8,24659.9,24652.15,24656.3
1756361340,24669.4,24670.4,24655.5,24657.05
1756361160,24665.8,24670.95,24663.65,24669.85
1756360980,24660.35,24673.4,24659.2,24666.3
1756360800,24646.45,24660.75,24646.45,24660.0
1756360620,24656.15,24656.15,24646.5,24646.9
1756360440,24662.0,24664.2,24654.35,24656.45
1756360260,24657.9,24662.7,24647.85,24662.45
1756360080,24657.8,24660.2,24645.7,24657.95
1756359900,24654.2,24658.2,24651.0,24657.75
1756359720,24649.35,24657.15,24649.35,24653.9
1756359540,24657.95,24659.9,24642.45,24650.25
1756359360,24671.75,24677.9,24656.1,24658.45
1756359180,24650.4,24673.4,24648.25,24672.6
1756359000,24661.25,24663.75,24647.05,24650.05
1756358820,24640.15,24669.9,24639.7,24661.95
1756358640,24639.75,24645.25,24633.65,24640.5
1756358460,24647.65,24648.1,24633.35,24640.7
1756358280,24624.6,24648.5,24624.6,24647.1
1756358100,24608.2,24625.65,24607.5,24624.65
1756357920,24612.6,24613.85,24603.35,24608.65
1756357740,24618.5,24620.65,24607.15,24612.0
1756357560,24616.85,24629.1,24616.7,24618.15
1756357380,24596.8,24622.4,24596.45,24616.35
1756357200,24591.05,24596.75,24587.7,24596.45
1756357020,24577.5,24592.65,24576.2,24591.2
1756356840,24572.35,24583.75,24568.65,24577.75
1756356660,24557.9,24571.6,24554.8,24571.6
1756356480,24582.4,24583.9,24557.15,24557.5
1756356300,24575.9,24587.9,24574.25,24583.2
1756356120,24591.1,24598.65,24575.4,24576.95
1756355940,24599.75,24599.75,24585.7,24591.65
1756355760,24607.1,24613.85,24596.55,24600.95
1756355580,24586.4,24612.1,24586.4,24607.25
1756355400,24592.4,24599.55,24580.35,24585.35
1756355220,24588.35,24592.65,24578.1,24592.45
1756355040,24590.45,24597.55,24580.1,24588.55
1756354860,24557.85,24596.8,24557.4,24590.8
1756354680,24569.7,24569.95,24549.75,24558.1
1756354500,24566.15,24581.95,24560.55,24568.95
1756354320,24562.35,24569.75,24549.45,24565.7
1756354140,24529.35,24577.95,24529.25,24563.75
1756353960,24522.75,24530.2,24517.65,24529.95
1756353780,24526.55,24526.85,24507.2,24522.7
1756353600,24529.35,24530.45,24512.1,24526.65
1756353420,24536.0,24542.65,24527.05,24529.05
1756353240,24533.35,24543.3,24514.35,24537.85
1756353060,24574.4,24575.85,24532.3,24533.65
1756352880,24578.1,24584.8,24565.7,24575.5
1756352700,24695.8,24702.65,24576.5,24578.0
