datetime,open,high,low,close
1756375140,12061.6,12078.0,12060.9,12075.3
1756375080,12058.7,12065.75,12057.7,12059.15
1756375020,12062.25,12063.0,12058.05,12060.45
1756374960,12060.85,12063.9,12060.25,12062.45
1756374900,12061.3,12063.25,12059.65,12060.6
1756374840,12063.5,12064.5,12061.25,12061.8
1756374780,12063.3,12063.95,12061.0,12062.95
1756374720,12065.75,12067.15,12063.5,12064.15
1756374660,12054.95,12068.4,12054.85,12065.8
1756374600,12053.5,12054.9,12049.4,12054.6
1756374540,12056.85,12057.05,12052.4,12053.2
1756374480,12058.1,12058.6,12055.35,12055.95
1756374420,12056.95,12059.25,12056.5,12057.6
1756374360,12061.45,12061.65,12056.45,12056.45
1756374300,12062.1,12062.3,12060.05,12060.6
1756374240,12053.9,12062.5,12053.9,12061.05
1756374180,12060.6,12061.2,12052.85,12053.2
1756374120,12057.05,12061.8,12055.75,12059.7
1756374060,12063.55,12063.7,12055.8,12056.6
1756374000,12063.1,12066.35,12058.2,12063.6
1756373940,12064.9,12065.3,12060.8,12062.1
1756373880,12063.6,12066.4,12063.35,12064.95
1756373820,12066.95,12067.65,12063.6,12063.6
1756373760,12065.45,12071.5,12065.2,12066.25
1756373700,12062.55,12065.9,12061.85,12065.65
1756373640,12067.4,12067.75,12061.35,12062.95
1756373580,12070.55,12070.9,12065.4,12067.55
1756373520,12070.85,12073.7,12069.45,12070.65
1756373460,12071.75,12072.5,12067.65,12070.5
1756373400,12081.7,12082.25,12071.0,12071.8
1756373340,12079.75,12082.05,12077.95,12081.35
1756373280,12081.9,12082.2,12078.6,12079.65
1756373220,12080.95,12082.9,12079.7,12082.25
1756373160,12076.45,12081.2,12075.3,12081.2
1756373100,12079.4,12081.15,12076.1,12076.5
1756373040,12072.75,12080.7,12072.4,12079.2
1756372980,12074.4,12075.9,12072.45,12073.1
1756372920,12074.4,12076.05,12073.85,12074.8
1756372860,12079.5,12080.55,12072.6,12075.1
1756372800,12074.4,12080.5,12074.1,12080.5
1756372740,12078.2,12078.7,12072.85,12074.8
1756372680,12076.95,12078.75,12076.55,12077.9
1756372620,12077.7,12078.3,12072.05,12077.85
1756372560,12083.9,12084.2,12075.3,12076.6
1756372500,12086.2,12086.3,12081.35,12083.4
1756372440,12086.35,12087.5,12084.5,12085.15
1756372380,12091.55,12091.7,12086.2,12086.3
1756372320,12090.0,12093.65,12090.0,12091.15
1756372260,12090.55,12092.1,12089.2,12089.6
1756372200,12096.55,12096.55,12090.6,12090.6
1756372140,12097.15,12097.55,12094.9,12096.25
1756372080,12102.35,12102.35,12096.2,12096.75
1756372020,12098.75,12102.95,12098.75,12102.95
1756371960,12091.8,12100.55,12091.3,12099.3
1756371900,12094.55,12095.55,12091.0,12091.55
1756371840,12097.35,12097.35,12094.15,12094.7
1756371780,12100.3,12100.75,12096.15,12096.95
1756371720,12107.65,12108.5,12099.85,12099.85
1756371660,12106.0,12108.2,12105.45,12107.4
1756371600,12107.85,12108.45,12104.95,12106.15
1756371540,12102.6,12110.05,12102.6,12108.15
1756371480,12098.85,12102.5,12097.95,12102.5
1756371420,12106.15,12106.15,12096.7,12098.65
1756371360,12112.8,12112.95,12104.05,12106.1
1756371300,12115.6,12117.8,12111.95,12113.05
1756371240,12112.95,12116.25,12111.45,12115.35
1756371180,12104.75,12114.95,12103.65,12112.7
1756371120,12103.1,12105.05,12102.8,12105.05
1756371060,12102.75,12105.3,12102.75,12103.75
1756371000,12101.9,12103.0,12100.35,12103.0
1756370940,12102.45,12102.7,12100.65,12101.7
1756370880,12102.1,12102.6,12100.15,12102.5
1756370820,12102.55,12103.3,12100.95,12102.05
1756370760,12100.4,12103.3,12100.4,12102.55
1756370700,12100.9,12100.9,12096.5,12099.85
1756370640,12099.2,12101.4,12097.75,12100.75
1756370580,12102.1,12102.6,12097.1,12099.6
1756370520,12098.95,12102.75,12098.7,12102.2
1756370460,12094.6,12099.4,12093.75,12098.6
1756370400,12091.0,12095.55,12090.45,12094.35
1756370340,12092.2,12092.25,12089.45,12090.65
1756370280,12090.9,12093.15,12090.65,12092.2
1756370220,12089.75,12091.15,12088.2,12091.15
1756370160,12085.55,12090.25,12085.5,12089.55
1756370100,12084.45,12085.6,12082.8,12085.45
1756370040,12087.3,12087.6,12083.4,12084.35
1756369980,12091.4,12091.7,12085.85,12087.15
1756369920,12091.4,12092.4,12090.65,12091.3
1756369860,12093.2,12093.55,12091.05,12091.4
1756369800,12090.95,12093.3,12090.8,12092.8
1756369740,12089.75,12091.2,12089.45,12090.65
1756369680,12090.6,12091.0,12088.9,12090.0
1756369620,12089.9,12091.5,12089.0,12090.55
1756369560,12091.8,12091.95,12089.25,12090.0
1756369500,12092.85,12094.15,12091.4,12092.2
1756369440,12092.95,12093.8,12091.75,12093.15
1756369380,12093.8,12094.45,12090.85,12092.75
1756369320,12096.6,12096.6,12092.3,12093.8
1756369260,12095.9,12097.65,12095.25,12096.5
1756369200,12095.9,12097.35,12095.4,12096.1
1756369140,12096.0,12096.9,12094.9,12096.3
1756369080,12095.6,12097.8,12095.45,12096.45
1756369020,12094.45,12096.05,12092.1,12096.05
1756368960,12097.4,12098.45,12092.65,12094.35
1756368900,12096.35,12097.85,12095.55,12097.4
1756368840,12097.05,12097.05,12094.3,12096.05
1756368780,12094.9,12097.25,12094.2,12097.05
1756368720,12095.95,12096.7,12094.5,12095.35
1756368660,12099.7,12099.7,12094.55,12095.95
1756368600,12095.9,12101.0,12095.45,12100.15
1756368540,12092.95,12096.65,12092.8,12095.75
1756368480,12090.95,12093.0,12090.05,12092.95
1756368420,12091.65,12092.0,12089.95,12091.0
1756368360,12089.85,12092.25,12089.85,12091.65
1756368300,12092.0,12092.0,12088.45,12089.65
1756368240,12094.4,12094.6,12090.3,12091.3
1756368180,12097.0,12097.0,12093.8,12094.5
1756368120,12098.4,12098.4,12095.75,12097.45
1756368060,12101.2,12101.4,12097.05,12098.3
1756368000,12099.45,12101.45,12098.85,12100.6
1756367940,12099.05,12100.6,12097.95,12099.35
1756367880,12100.75,12101.2,12097.65,12098.65
1756367820,12103.7,12103.7,12100.05,12101.0
1756367760,12103.45,12103.9,12101.9,12103.75
1756367700,12103.1,12103.9,12102.25,12103.45
1756367640,12102.15,12103.6,12101.25,12103.6
1756367580,12103.35,12104.95,12101.15,12102.5
1756367520,12104.25,12105.1,12102.45,12103.45
1756367460,12104.45,12105.45,12103.35,12104.1
1756367400,12107.1,12107.65,12103.95,12104.55
1756367340,12108.0,12108.45,12106.3,12107.3
1756367280,12112.0,12112.0,12107.05,12107.8
1756367220,12113.45,12113.95,12111.45,12111.9
1756367160,12111.55,12113.25,12110.9,12113.25
1756367100,12109.85,12112.0,12108.75,12111.6
1756367040,12108.55,12110.55,12108.55,12109.45
1756366980,12107.2,12111.35,12107.15,12108.55
1756366920,12107.6,12108.1,12106.45,12107.25
1756366860,12106.3,12108.2,12105.6,12107.35
1756366800,12105.3,12107.1,12104.8,12106.4
1756366740,12105.6,12106.3,12104.85,12105.9
1756366680,12106.95,12106.95,12104.35,12105.75
1756366620,12106.6,12108.6,12104.7,12106.8
1756366560,12109.9,12111.1,12105.75,12106.15
1756366500,12110.95,12112.5,12108.95,12109.9
1756366440,12109.45,12110.5,12107.7,12110.5
1756366380,12111.35,12111.65,12107.9,12109.4
1756366320,12113.7,12115.35,12110.95,12111.5
1756366260,12115.7,12116.15,12113.35,12113.7
1756366200,12119.95,12119.95,12115.55,12115.85
1756366140,12124.15,12124.15,12116.65,12119.5
1756366080,12125.7,12125.75,12123.95,12124.2
1756366020,12124.85,12125.95,12124.1,12125.6
1756365960,12125.0,12126.3,12124.15,12124.95
1756365900,12126.25,12127.05,12124.45,12124.85
1756365840,12127.0,12127.75,12125.15,12126.05
1756365780,12124.25,12127.4,12124.05,12126.55
1756365720,12126.1,12126.65,12124.5,12124.5
1756365660,12126.45,12127.4,12125.7,12126.2
1756365600,12126.9,12127.45,12125.45,12126.5
1756365540,12126.85,12128.4,12125.6,12126.5
1756365480,12128.75,12129.2,12126.3,12127.45
1756365420,12129.0,12129.5,12127.9,12128.8
1756365360,12128.75,12129.4,12127.7,12128.9
1756365300,12127.15,12129.0,12127.15,12128.5
1756365240,12127.3,12128.85,12126.4,12127.4
1756365180,12129.6,12130.9,12127.15,12127.15
1756365120,12128.75,12130.7,12127.4,12129.65
1756365060,12128.1,12129.35,12126.4,12128.9
1756365000,12126.9,12128.85,12126.3,12128.1
1756364940,12126.7,12128.05,12125.95,12127.0
1756364880,12126.85,12127.3,12124.9,12126.75
1756364820,12128.95,12129.15,12126.35,12127.2
1756364760,12129.75,12130.35,12128.45,12129.05
1756364700,12129.0,12130.1,12127.55,12129.8
1756364640,12128.75,12131.1,12128.05,12128.75
1756364580,12126.85,12128.95,12126.6,12128.7
1756364520,12126.6,12127.95,12125.7,12126.95
1756364460,12124.7,12127.3,12124.7,12126.75
1756364400,12126.35,12127.55,12124.55,12125.15
1756364340,12125.3,12127.0,12124.65,12126.35
1756364280,12123.75,12126.05,12123.15,12125.35
1756364220,12124.25,12125.95,12123.15,12124.15
1756364160,12124.1,12126.55,12123.15,12124.15
1756364100,12123.1,12124.6,12122.55,12124.1
1756364040,12121.85,12123.65,12121.45,12123.15
1756363980,12122.75,12122.75,12119.05,12121.85
1756363920,12128.7,12129.45,12122.35,12122.7
1756363860,12133.55,12133.55,12128.8,12129.35
1756363800,12132.25,12134.45,12131.85,12133.85
1756363740,12135.75,12135.75,12131.75,12132.4
1756363680,12137.6,12138.3,12135.2,12135.4
1756363620,12139.35,12139.75,12137.5,12137.6
1756363560,12142.4,12142.7,12139.6,12139.75
1756363500,12141.15,12143.95,12141.0,12142.3
1756363440,12141.65,12142.75,12140.75,12140.8
1756363380,12142.4,12142.9,12141.35,12141.35
1756363320,12143.05,12143.5,12141.4,12142.65
1756363260,12140.45,12143.3,12140.3,12143.1
1756363200,12140.05,12141.3,12139.9,12140.5
1756363140,12138.85,12140.45,12138.4,12139.95
1756363080,12142.3,12142.3,12138.25,12138.55
1756363020,12140.55,12142.2,12140.1,12141.95
1756362960,12140.55,12141.75,12139.0,12140.35
1756362900,12138.6,12140.9,12138.4,12140.55
1756362840,12139.1,12140.15,12137.9,12139.35
1756362780,12138.05,12140.6,12137.7,12139.05
1756362720,12139.15,12139.95,12137.3,12137.95
1756362660,12140.35,12140.85,12138.15,12139.05
1756362600,12140.35,12141.55,12139.05,12140.6
1756362540,12140.15,12142.05,12139.75,12140.25
1756362480,12142.65,12142.7,12138.65,12140.0
1756362420,12141.6,12143.3,12141.3,12142.95
1756362360,12144.65,12144.8,12141.55,12141.65
1756362300,12147.3,12147.3,12143.6,12144.65
1756362240,12151.5,12151.7,12146.7,12146.75
1756362180,12151.6,12152.3,12150.45,12151.15
1756362120,12150.45,12152.6,12149.45,12151.6
1756362060,12152.5,12152.6,12149.25,12150.1
1756362000,12155.4,12155.65,12151.95,12152.55
1756361940,12156.25,12157.0,12155.15,12155.3
1756361880,12154.7,12156.45,12154.45,12155.9
1756361820,12155.3,12156.0,12153.9,12154.65
1756361760,12153.35,12156.45,12152.05,12155.6
1756361700,12153.65,12154.5,12152.9,12153.1
1756361640,12155.25,12156.65,12153.65,12153.65
1756361580,12154.55,12155.8,12153.05,12155.3
1756361520,12152.6,12154.3,12151.6,12154.3
1756361460,12154.5,12154.5,12151.9,12152.8
1756361400,12152.7,12155.7,12152.5,12154.45
1756361340,12155.1,12155.1,12150.9,12152.3
1756361280,12153.6,12154.8,12152.45,12154.8
1756361220,12156.5,12156.5,12152.65,12153.75
1756361160,12154.95,12156.3,12153.65,12156.3
1756361100,12152.55,12156.35,12152.35,12154.95
1756361040,12150.0,12153.65,12149.65,12152.55
1756360980,12148.7,12152.05,12147.95,12150.1
1756360920,12144.3,12148.75,12144.1,12148.3
1756360860,12142.1,12145.3,12141.55,12144.25
1756360800,12141.35,12143.0,12141.35,12141.85
1756360740,12142.15,12142.55,12140.7,12142.45
1756360680,12142.4,12143.65,12141.9,12141.9
1756360620,12143.7,12143.95,12142.2,12142.55
1756360560,12145.95,12146.65,12144.05,12144.4
1756360500,12146.35,12147.2,12145.05,12146.4
1756360440,12149.25,12150.45,12145.8,12146.55
1756360380,12147.7,12150.0,12147.4,12149.45
1756360320,12146.8,12147.5,12145.8,12147.3
1756360260,12148.15,12148.95,12146.85,12147.1
1756360200,12146.1,12148.45,12146.05,12148.2
1756360140,12147.5,12148.1,12145.8,12146.65
1756360080,12148.25,12148.9,12146.85,12147.4
1756360020,12144.75,12148.6,12144.5,12148.3
1756359960,12146.15,12147.05,12144.3,12145.05
1756359900,12145.15,12147.1,12144.75,12146.45
1756359840,12145.25,12146.05,12144.8,12145.45
1756359780,12143.55,12145.45,12142.5,12145.1
1756359720,12140.6,12144.65,12140.6,12143.75
1756359660,12140.15,12140.9,12138.8,12140.6
1756359600,12144.85,12146.45,12139.75,12140.5
1756359540,12145.35,12145.4,12143.6,12144.85
1756359480,12143.55,12145.65,12142.95,12145.25
1756359420,12147.4,12148.15,12143.95,12143.95
1756359360,12149.2,12150.1,12146.35,12147.05
1756359300,12141.9,12149.55,12141.7,12149.4
1756359240,12144.8,12147.25,12141.8,12142.25
1756359180,12143.4,12145.4,12142.1,12145.05
1756359120,12141.95,12143.95,12141.95,12143.65
1756359060,12140.95,12143.25,12139.6,12141.95
1756359000,12145.75,12147.1,12140.65,12141.1
1756358940,12148.1,12148.95,12144.65,12146.5
1756358880,12140.9,12148.7,12140.9,12148.7
1756358820,12134.95,12140.65,12134.7,12140.65
1756358760,12135.1,12136.0,12134.25,12134.85
1756358700,12136.3,12136.7,12133.55,12135.7
1756358640,12133.75,12137.45,12133.2,12136.5
1756358580,12133.25,12134.2,12131.75,12133.85
1756358520,12134.3,12135.95,12132.95,12132.95
1756358460,12135.0,12135.4,12133.2,12134.6
1756358400,12136.3,12137.05,12135.0,12135.35
1756358340,12134.5,12137.85,12133.9,12136.2
1756358280,12129.7,12134.35,12129.65,12133.95
1756358220,12128.05,12130.95,12127.5,12130.4
1756358160,12124.6,12127.95,12124.6,12127.7
1756358100,12121.5,12124.65,12121.2,12124.65
1756358040,12122.0,12123.75,12120.9,12121.6
1756357980,12122.75,12123.1,12120.95,12122.35
1756357920,12125.85,12126.15,12122.2,12122.55
1756357860,12128.65,12129.2,12125.9,12126.25
1756357800,12128.25,12129.1,12127.1,12128.9
1756357740,12129.95,12130.15,12127.65,12128.3
1756357680,12130.35,12132.05,12129.9,12130.35
1756357620,12132.75,12133.1,12128.85,12130.35
1756357560,12129.6,12135.95,12129.6,12132.3
1756357500,12130.1,12132.45,12129.35,12129.8
1756357440,12125.95,12132.2,12125.65,12130.45
1756357380,12123.4,12126.4,12123.15,12125.6
1756357320,12120.15,12123.15,12120.15,12123.15
1756357260,12122.1,12122.5,12119.75,12120.5
1756357200,12122.7,12122.85,12119.8,12122.6
1756357140,12126.05,12126.25,12122.25,12122.55
1756357080,12123.4,12127.05,12123.2,12126.55
1756357020,12122.35,12124.9,12122.35,12123.75
1756356960,12122.6,12125.35,12121.75,12122.3
1756356900,12123.9,12124.75,12121.8,12122.35
1756356840,12125.85,12126.9,12123.7,12124.0
1756356780,12125.45,12126.35,12124.6,12125.8
1756356720,12125.3,12126.15,12123.95,12125.5
1756356660,12123.2,12125.45,12121.9,12125.45
1756356600,12124.75,12126.0,12122.65,12123.1
1756356540,12127.6,12127.7,12124.95,12125.0
1756356480,12133.35,12133.7,12127.6,12127.6
1756356420,12135.4,12135.95,12132.8,12133.6
1756356360,12133.85,12135.45,12132.8,12135.3
1756356300,12133.7,12134.45,12131.9,12134.15
1756356240,12133.35,12134.0,12131.7,12133.1
1756356180,12136.35,12137.0,12132.25,12133.25
1756356120,12134.9,12137.65,12134.55,12136.2
1756356060,12132.0,12135.4,12132.0,12135.1
1756356000,12130.2,12132.8,12129.95,12131.8
1756355940,12133.3,12133.8,12128.25,12130.3
1756355880,12136.5,12136.5,12133.35,12133.85
1756355820,12137.35,12139.1,12136.1,12136.7
1756355760,12131.1,12137.7,12130.15,12137.35
1756355700,12134.7,12136.45,12130.9,12131.05
1756355640,12131.7,12135.7,12130.35,12134.25
1756355580,12125.8,12133.2,12125.65,12131.65
1756355520,12128.55,12129.65,12125.15,12125.7
1756355460,12123.6,12129.2,12121.2,12128.2
1756355400,12124.5,12126.65,12123.5,12123.75
1756355340,12124.25,12127.1,12124.2,12124.95
1756355280,12125.45,12125.95,12123.5,12124.45
1756355220,12126.25,12128.25,12122.7,12125.55
1756355160,12128.8,12129.05,12123.95,12126.25
1756355100,12134.65,12134.65,12127.45,12128.65
1756355040,12135.75,12136.2,12131.2,12134.75
1756354980,12137.4,12139.7,12135.85,12135.85
1756354920,12127.85,12138.0,12127.4,12137.05
1756354860,12120.9,12128.85,12120.9,12127.3
1756354800,12119.15,12121.3,12117.15,12120.9
1756354740,12121.1,12121.5,12116.25,12119.05
1756354680,12125.3,12126.2,12119.95,12121.8
1756354620,12128.55,12128.9,12123.9,12125.75
1756354560,12127.65,12129.45,12123.5,12128.15
1756354500,12128.05,12130.0,12124.0,12127.8
1756354440,12125.2,12128.55,12124.65,12127.75
1756354380,12123.5,12125.05,12120.35,12125.05
1756354320,12122.2,12126.35,12122.2,12123.45
1756354260,12125.2,12125.85,12120.65,12122.2
1756354200,12121.05,12126.7,12120.5,12125.4
1756354140,12116.25,12123.25,12115.7,12120.85
1756354080,12119.05,12120.85,12115.15,12116.55
1756354020,12118.3,12121.25,12117.05,12119.25
1756353960,12118.25,12121.65,12116.25,12118.8
1756353900,12110.95,12118.45,12109.25,12118.3
1756353840,12110.55,12116.7,12109.85,12111.05
1756353780,12118.45,12118.55,12110.35,12110.75
1756353720,12120.5,12121.45,12113.85,12118.7
1756353660,12113.8,12120.3,12113.1,12120.1
1756353600,12118.85,12119.9,12112.8,12113.2
1756353540,12116.2,12121.7,12115.45,12118.95
1756353480,12123.6,12124.25,12115.55,12116.9
1756353420,12129.15,12129.15,12122.8,12123.2
1756353360,12121.45,12129.45,12120.95,12129.2
1756353300,12123.15,12124.8,12116.75,12122.25
1756353240,12134.5,12134.5,12122.0,12123.25
1756353180,12147.05,12147.4,12134.55,12135.9
1756353120,12145.55,12150.85,12144.35,12146.5
1756353060,12152.25,12153.9,12143.05,12145.55
1756353000,12150.8,12153.95,12145.55,12152.15
1756352940,12150.6,12155.15,12149.5,12150.55
1756352880,12157.9,12161.75,12150.25,12150.4
1756352820,12165.75,12170.15,12153.25,12156.0
1756352760,12166.8,12176.75,12164.85,12165.7
1756352700,12231.0,12231.0,12162.95,12166.5
