datetime,open,high,low,close
1756375140,14963.9,14972.5,14960.7,14972.5
1756375080,14962.95,14967.9,14961.5,14961.5
1756375020,14965.2,14965.75,14960.05,14963.2
1756374960,14964.55,14965.9,14962.95,14964.8
1756374900,14963.6,14967.25,14963.2,14964.05
1756374840,14961.25,14965.2,14960.25,14964.15
1756374780,14961.45,14961.8,14958.6,14961.05
1756374720,14962.8,14965.15,14960.9,14961.75
1756374660,14959.4,14963.7,14959.25,14962.95
1756374600,14959.5,14960.65,14957.65,14959.85
1756374540,14957.25,14961.3,14956.7,14959.05
1756374480,14959.6,14960.3,14956.6,14957.4
1756374420,14958.5,14960.9,14957.5,14958.85
1756374360,14960.15,14960.15,14957.55,14958.2
1756374300,14956.65,14961.0,14955.7,14959.45
1756374240,14951.6,14956.95,14951.6,14955.6
1756374180,14957.7,14958.55,14951.25,14952.2
1756374120,14951.75,14958.1,14951.75,14957.1
1756374060,14955.6,14955.65,14951.0,14951.4
1756374000,14953.5,14955.65,14952.45,14955.65
1756373940,14955.8,14955.9,14952.75,14953.9
1756373880,14953.55,14955.8,14953.15,14955.25
1756373820,14956.35,14957.2,14953.05,14953.65
1756373760,14958.25,14958.7,14955.45,14956.0
1756373700,14957.3,14958.4,14955.4,14958.4
1756373640,14961.0,14961.0,14957.45,14957.85
1756373580,14966.2,14966.2,14960.05,14961.1
1756373520,14961.8,14966.95,14960.75,14966.05
1756373460,14965.05,14965.2,14959.95,14961.85
1756373400,14974.15,14975.95,14964.35,14965.35
1756373340,14972.9,14973.7,14970.85,14973.4
1756373280,14974.5,14975.35,14971.7,14973.2
1756373220,14973.75,14976.15,14971.85,14974.85
1756373160,14971.5,14973.95,14970.05,14973.8
1756373100,14977.05,14978.0,14971.75,14971.85
1756373040,14970.8,14978.85,14970.8,14977.45
1756372980,14971.8,14973.25,14970.05,14971.0
1756372920,14971.45,14973.05,14970.2,14972.55
1756372860,14974.65,14976.2,14970.0,14972.05
1756372800,14968.95,14975.55,14968.25,14975.55
1756372740,14970.2,14972.2,14967.65,14969.15
1756372680,14968.15,14970.75,14967.75,14970.05
1756372620,14969.05,14969.15,14964.1,14968.65
1756372560,14974.5,14974.55,14967.05,14969.2
1756372500,14977.25,14977.5,14973.2,14974.45
1756372440,14979.0,14979.45,14975.75,14976.25
1756372380,14984.2,14984.25,14978.8,14979.25
1756372320,14984.5,14986.25,14983.55,14984.25
1756372260,14986.1,14988.15,14983.95,14984.55
1756372200,14991.55,14993.0,14986.0,14986.1
1756372140,14991.2,14992.15,14989.7,14991.4
1756372080,14994.0,14994.0,14990.4,14991.5
1756372020,14990.95,14994.15,14990.4,14994.15
1756371960,14983.25,14991.85,14983.05,14990.95
1756371900,14984.65,14985.2,14982.2,14983.05
1756371840,14985.25,14985.45,14983.05,14984.6
1756371780,14988.35,14988.7,14983.65,14985.35
1756371720,14998.75,14999.8,14987.75,14988.75
1756371660,14997.6,15000.1,14996.95,14998.75
1756371600,15001.1,15001.65,14996.05,14997.5
1756371540,14994.95,15003.15,14994.95,15000.95
1756371480,14991.95,14995.25,14990.7,14995.25
1756371420,14998.65,14999.2,14989.65,14992.05
1756371360,15003.0,15003.0,14997.8,14998.55
1756371300,15003.95,15004.8,15002.4,15003.25
1756371240,15004.8,15005.2,15002.15,15004.4
1756371180,14999.35,15004.85,14998.3,15004.5
1756371120,15001.35,15001.75,14998.1,14999.55
1756371060,15000.3,15001.95,14999.2,15001.95
1756371000,14996.65,15000.45,14996.2,15000.45
1756370940,14997.25,14997.75,14995.8,14996.7
1756370880,14996.65,14997.35,14994.3,14997.1
1756370820,14995.75,14996.9,14994.3,14996.5
1756370760,14992.65,14996.05,14992.3,14996.05
1756370700,14992.2,14992.7,14989.6,14992.4
1756370640,14992.6,14992.8,14990.5,14991.75
1756370580,14997.95,14997.95,14992.05,14992.75
1756370520,14992.7,14998.2,14992.3,14997.95
1756370460,14983.95,14992.55,14983.85,14992.55
1756370400,14978.5,14985.45,14978.1,14984.15
1756370340,14976.4,14978.55,14975.5,14978.55
1756370280,14975.05,14976.95,14975.05,14976.55
1756370220,14972.5,14975.6,14970.95,14975.6
1756370160,14969.05,14972.6,14968.95,14972.6
1756370100,14970.05,14970.35,14967.8,14969.05
1756370040,14970.65,14971.2,14969.35,14969.9
1756369980,14972.45,14972.85,14969.6,14970.55
1756369920,14971.55,14972.7,14970.7,14972.35
1756369860,14972.1,14972.2,14969.25,14971.65
1756369800,14968.35,14971.9,14967.25,14971.85
1756369740,14967.4,14968.3,14966.0,14968.2
1756369680,14967.2,14968.15,14964.75,14967.55
1756369620,14963.35,14967.15,14962.75,14967.15
1756369560,14963.5,14963.5,14960.95,14963.0
1756369500,14964.95,14965.7,14962.8,14963.35
1756369440,14964.1,14966.65,14963.5,14965.05
1756369380,14966.8,14966.8,14962.5,14963.85
1756369320,14969.8,14970.2,14965.55,14966.7
1756369260,14967.7,14970.25,14966.5,14969.8
1756369200,14969.35,14970.05,14967.05,14967.75
1756369140,14969.05,14970.75,14967.7,14969.6
1756369080,14969.6,14972.15,14968.5,14969.3
1756369020,14965.75,14969.55,14965.35,14969.55
1756368960,14967.45,14969.15,14963.5,14965.8
1756368900,14966.2,14967.85,14965.1,14967.65
1756368840,14965.65,14965.95,14963.15,14965.95
1756368780,14962.85,14965.75,14960.9,14965.65
1756368720,14962.8,14963.75,14960.05,14963.45
1756368660,14971.3,14971.35,14961.0,14962.9
1756368600,14970.35,14972.55,14970.05,14971.7
1756368540,14968.4,14971.65,14967.25,14970.4
1756368480,14965.75,14967.95,14964.1,14967.7
1756368420,14967.9,14968.25,14964.75,14966.1
1756368360,14963.25,14968.6,14963.05,14968.2
1756368300,14967.0,14967.25,14962.7,14963.35
1756368240,14968.9,14969.1,14965.9,14966.8
1756368180,14972.75,14973.2,14967.75,14968.8
1756368120,14974.85,14975.25,14972.7,14972.85
1756368060,14979.05,14979.35,14974.15,14974.6
1756368000,14978.2,14980.35,14976.8,14979.25
1756367940,14977.85,14979.4,14977.1,14978.45
1756367880,14980.05,14980.2,14976.9,14977.8
1756367820,14980.7,14981.35,14979.0,14980.1
1756367760,14978.45,14981.4,14977.75,14980.75
1756367700,14976.75,14979.45,14975.55,14978.8
1756367640,14976.6,14977.45,14975.2,14976.95
1756367580,14978.25,14979.3,14976.4,14976.55
1756367520,14977.65,14978.95,14976.1,14978.3
1756367460,14978.0,14978.0,14975.3,14977.35
1756367400,14979.35,14979.65,14977.2,14977.9
1756367340,14978.55,14979.2,14977.3,14978.65
1756367280,14980.55,14981.0,14977.55,14978.65
1756367220,14981.6,14982.35,14979.9,14980.7
1756367160,14979.7,14981.8,14979.0,14981.8
1756367100,14979.3,14980.0,14977.7,14979.8
1756367040,14977.45,14979.3,14977.15,14978.5
1756366980,14975.5,14979.95,14975.2,14977.35
1756366920,14975.45,14975.8,14973.65,14975.7
1756366860,14974.4,14976.55,14973.8,14975.3
1756366800,14971.3,14974.95,14971.3,14974.65
1756366740,14971.2,14972.4,14970.7,14971.5
1756366680,14971.7,14971.9,14968.85,14971.45
1756366620,14973.75,14973.75,14971.25,14972.4
1756366560,14976.8,14977.25,14972.75,14973.7
1756366500,14978.4,14979.55,14976.15,14976.65
1756366440,14974.5,14977.75,14972.85,14977.55
1756366380,14978.15,14978.15,14974.2,14974.45
1756366320,14977.8,14981.25,14976.9,14978.15
1756366260,14982.6,14982.95,14977.8,14978.45
1756366200,14986.4,14987.25,14981.8,14982.6
1756366140,14994.7,14994.7,14985.8,14986.1
1756366080,14997.55,14997.55,14994.2,14994.7
1756366020,14997.95,14998.65,14996.75,14997.4
1756365960,14997.45,14998.25,14996.55,14998.05
1756365900,14997.95,14999.4,14997.2,14997.8
1756365840,14997.85,14998.45,14997.0,14998.25
1756365780,14995.95,14998.6,14994.95,14997.45
1756365720,14998.4,14998.4,14995.85,14996.0
1756365660,14995.9,14998.4,14995.3,14998.4
1756365600,14995.3,14996.55,14994.55,14995.95
1756365540,14996.0,14996.65,14993.7,14995.1
1756365480,14996.8,14998.9,14995.7,14996.15
1756365420,14996.3,14997.55,14995.45,14996.8
1756365360,14996.95,14996.95,14995.2,14996.35
1756365300,14995.6,14997.25,14995.05,14996.75
1756365240,14996.35,14997.55,14994.95,14995.7
1756365180,14996.35,14998.75,14995.1,14996.3
1756365120,14997.3,14997.5,14995.9,14996.7
1756365060,14995.5,14997.45,14994.05,14997.45
1756365000,14995.2,14996.4,14994.75,14995.55
1756364940,14995.9,14998.1,14995.05,14995.5
1756364880,14996.7,14997.25,14995.4,14995.9
1756364820,15000.2,15000.5,14996.55,14996.95
1756364760,15002.3,15003.15,14999.5,15000.35
1756364700,15002.95,15004.25,15000.8,15002.3
1756364640,15003.45,15004.95,15002.65,15002.9
1756364580,15001.7,15003.9,15001.2,15003.75
1756364520,15003.2,15003.5,15001.2,15001.65
1756364460,15003.05,15005.3,15002.85,15003.5
1756364400,15003.3,15005.65,15002.0,15003.4
1756364340,15001.4,15003.65,15000.7,15003.15
1756364280,15002.25,15003.0,15000.2,15001.5
1756364220,15002.5,15003.5,15001.65,15002.25
1756364160,14999.55,15003.2,14999.0,15002.6
1756364100,14999.6,15000.8,14998.4,14999.55
1756364040,15000.95,15002.65,14998.7,14999.4
1756363980,15003.0,15003.0,15000.15,15000.95
1756363920,15007.05,15007.4,15002.7,15002.75
1756363860,15011.8,15012.25,15007.45,15007.7
1756363800,15010.35,15012.45,15009.55,15011.8
1756363740,15012.5,15012.5,15009.75,15010.55
1756363680,15016.2,15016.65,15012.3,15012.55
1756363620,15017.85,15018.5,15015.6,15016.15
1756363560,15020.05,15020.55,15017.65,15017.65
1756363500,15019.35,15021.9,15019.0,15020.05
1756363440,15021.25,15022.3,15019.05,15019.3
1756363380,15021.3,15022.35,15020.85,15021.35
1756363320,15022.15,15022.6,15020.7,15021.35
1756363260,15021.2,15023.35,15019.5,15022.4
1756363200,15019.7,15021.55,15019.45,15021.1
1756363140,15019.9,15020.7,15019.45,15019.75
1756363080,15023.35,15023.35,15017.4,15020.15
1756363020,15021.4,15023.95,15021.4,15022.95
1756362960,15021.1,15022.7,15019.15,15021.5
1756362900,15018.8,15020.7,15018.05,15020.55
1756362840,15017.3,15018.95,15016.75,15018.6
1756362780,15012.15,15018.15,15011.8,15017.2
1756362720,15014.7,15014.8,15011.9,15011.95
1756362660,15015.8,15016.3,15012.85,15014.4
1756362600,15016.2,15017.05,15014.35,15015.75
1756362540,15016.85,15017.9,15015.75,15016.2
1756362480,15020.0,15020.35,15015.85,15016.35
1756362420,15018.8,15020.3,15017.2,15020.05
1756362360,15023.4,15023.4,15018.65,15019.15
1756362300,15024.75,15024.75,15021.5,15023.4
1756362240,15034.0,15034.15,15025.05,15025.2
1756362180,15036.1,15036.25,15033.25,15033.8
1756362120,15033.45,15038.15,15033.45,15036.05
1756362060,15036.55,15036.55,15032.95,15033.75
1756362000,15034.65,15037.05,15034.6,15036.45
1756361940,15033.3,15035.9,15032.8,15034.7
1756361880,15033.8,15034.5,15032.15,15033.65
1756361820,15032.95,15035.75,15032.85,15033.8
1756361760,15031.5,15033.65,15029.95,15032.45
1756361700,15032.65,15033.8,15031.3,15031.7
1756361640,15034.15,15034.35,15032.4,15033.35
1756361580,15032.25,15034.5,15030.7,15034.3
1756361520,15031.8,15033.15,15031.05,15032.2
1756361460,15033.55,15033.75,15031.25,15031.75
1756361400,15032.95,15035.25,15032.95,15033.45
1756361340,15035.3,15035.75,15031.6,15032.7
1756361280,15032.05,15034.85,15031.0,15034.85
1756361220,15033.8,15033.85,15030.1,15031.7
1756361160,15033.5,15034.15,15032.5,15033.9
1756361100,15029.45,15034.85,15029.35,15033.75
1756361040,15026.55,15030.1,15026.55,15029.55
1756360980,15025.0,15030.1,15024.5,15026.55
1756360920,15021.35,15025.45,15021.15,15025.2
1756360860,15020.5,15022.3,15020.0,15021.0
1756360800,15020.15,15020.95,15019.25,15020.25
1756360740,15021.6,15021.6,15019.1,15020.4
1756360680,15020.15,15023.3,15019.35,15021.45
1756360620,15022.35,15022.35,15018.05,15020.3
1756360560,15022.3,15023.15,15021.7,15022.3
1756360500,15021.45,15022.6,15020.15,15022.6
1756360440,15023.3,15024.0,15020.8,15021.15
1756360380,15020.5,15023.5,15020.2,15023.5
1756360320,15024.95,15024.95,15019.8,15020.2
1756360260,15023.05,15024.95,15022.05,15024.6
1756360200,15019.25,15023.15,15019.0,15023.05
1756360140,15020.3,15020.7,15015.25,15019.1
1756360080,15021.5,15022.35,15019.7,15020.1
1756360020,15018.95,15021.55,15017.85,15021.4
1756359960,15021.4,15021.7,15018.1,15018.85
1756359900,15020.8,15022.65,15019.85,15021.05
1756359840,15023.95,15024.15,15020.75,15020.75
1756359780,15022.55,15024.4,15021.5,15024.1
1756359720,15018.75,15023.3,15017.65,15022.6
1756359660,15017.25,15018.8,15014.6,15018.75
1756359600,15021.85,15023.95,15016.4,15017.55
1756359540,15024.5,15024.5,15020.55,15022.15
1756359480,15023.35,15025.15,15023.35,15024.55
1756359420,15030.8,15031.6,15024.1,15024.1
1756359360,15028.45,15032.35,15028.45,15030.3
1756359300,15022.95,15028.15,15022.7,15028.15
1756359240,15024.05,15025.5,15021.4,15023.3
1756359180,15022.35,15023.8,15020.75,15023.8
1756359120,15024.6,15025.3,15022.2,15022.2
1756359060,15024.2,15026.0,15022.95,15024.55
1756359000,15027.55,15029.1,15024.05,15024.05
1756358940,15029.2,15030.0,15026.35,15027.85
1756358880,15021.4,15029.65,15021.4,15029.15
1756358820,15015.0,15021.15,15015.0,15021.1
1756358760,15011.9,15015.4,15011.25,15015.4
1756358700,15014.15,15014.15,15009.3,15012.1
1756358640,15010.7,15014.25,15010.1,15013.85
1756358580,15010.25,15011.05,15008.5,15010.45
1756358520,15010.4,15011.7,15009.05,15010.95
1756358460,15010.75,15011.3,15008.2,15010.25
1756358400,15010.6,15011.2,15008.25,15010.65
1756358340,15007.15,15011.55,15007.05,15010.6
1756358280,15004.15,15006.25,15002.9,15006.1
1756358220,15000.6,15004.85,15000.05,15004.15
1756358160,14998.9,15000.6,14998.3,15000.6
1756358100,14998.95,15000.6,14998.45,14999.4
1756358040,14997.85,15000.35,14997.8,14998.75
1756357980,14994.75,14998.05,14993.8,14997.8
1756357920,14998.35,14998.35,14993.4,14994.5
1756357860,14998.55,14998.85,14996.95,14998.45
1756357800,14998.9,15000.55,14997.45,14997.85
1756357740,15004.55,15004.55,14999.1,14999.25
1756357680,15003.2,15005.25,15002.85,15004.3
1756357620,15005.8,15006.95,15002.75,15003.65
1756357560,15003.75,15010.55,15003.75,15005.85
1756357500,15001.0,15004.05,14999.7,15003.85
1756357440,14994.05,15002.65,14993.55,15001.5
1756357380,14989.75,14994.3,14989.45,14994.05
1756357320,14984.7,14989.5,14983.85,14989.5
1756357260,14985.05,14985.7,14982.4,14984.6
1756357200,14984.05,14985.85,14982.45,14984.95
1756357140,14986.45,14987.2,14983.05,14984.35
1756357080,14982.0,14987.9,14981.0,14986.9
1756357020,14981.3,14982.35,14980.25,14981.9
1756356960,14979.95,14982.8,14979.75,14981.3
1756356900,14984.6,14984.6,14979.75,14980.35
1756356840,14983.55,14986.15,14983.3,14984.5
1756356780,14980.4,14983.5,14978.5,14983.4
1756356720,14976.75,14980.35,14975.8,14979.9
1756356660,14970.4,14977.8,14968.55,14977.0
1756356600,14976.9,14976.9,14970.5,14970.5
1756356540,14986.3,14986.3,14976.75,14976.75
1756356480,14991.05,14991.55,14986.7,14986.7
1756356420,14991.65,14993.45,14989.95,14991.5
1756356360,14988.2,14992.2,14986.75,14991.85
1756356300,14980.3,14988.4,14979.25,14987.85
1756356240,14979.0,14981.25,14978.05,14980.05
1756356180,14984.9,14985.2,14979.2,14979.2
1756356120,14986.3,14988.85,14984.8,14984.8
1756356060,14984.5,14988.55,14984.45,14986.4
1756356000,14982.2,14984.3,14980.1,14984.3
1756355940,14991.35,14991.35,14982.05,14982.2
1756355880,14995.5,14995.5,14990.85,14991.95
1756355820,14998.5,15000.4,14995.0,14995.55
1756355760,14991.65,14998.9,14990.85,14998.35
1756355700,14995.8,14995.8,14990.6,14991.9
1756355640,14991.35,14997.45,14990.75,14995.55
1756355580,14981.5,14992.55,14981.5,14991.35
1756355520,14981.2,14982.35,14979.6,14981.8
1756355460,14980.65,14982.35,14976.6,14981.55
1756355400,14976.15,14982.15,14976.15,14981.15
1756355340,14969.05,14976.35,14968.4,14976.35
1756355280,14960.7,14970.8,14960.7,14969.25
1756355220,14957.2,14961.1,14954.3,14960.95
1756355160,14961.55,14961.55,14954.2,14957.3
1756355100,14971.25,14971.95,14960.85,14960.85
1756355040,14973.2,14973.4,14970.75,14971.2
1756354980,14971.55,14976.05,14971.55,14973.2
1756354920,14958.65,14972.75,14958.15,14971.35
1756354860,14954.05,14960.3,14954.0,14958.5
1756354800,14950.85,14955.55,14950.5,14953.45
1756354740,14947.5,14950.75,14944.6,14950.65
1756354680,14957.55,14957.55,14947.2,14947.2
1756354620,14965.75,14965.75,14957.45,14957.45
1756354560,14964.3,14966.6,14961.85,14965.35
1756354500,14962.2,14966.2,14959.3,14964.1
1756354440,14957.55,14962.45,14957.35,14962.2
1756354380,14953.15,14957.75,14948.65,14957.75
1756354320,14957.85,14960.55,14953.65,14953.65
1756354260,14962.55,14962.55,14952.7,14956.9
1756354200,14941.75,14963.15,14941.75,14962.45
1756354140,14930.55,14945.95,14929.95,14941.85
1756354080,14930.65,14932.5,14927.55,14930.8
1756354020,14928.55,14933.2,14927.3,14930.7
1756353960,14929.7,14936.8,14929.5,14929.7
1756353900,14918.75,14929.8,14915.65,14929.8
1756353840,14917.35,14922.05,14916.0,14918.85
1756353780,14922.85,14925.55,14916.85,14917.1
1756353720,14923.6,14925.5,14919.05,14922.85
1756353660,14922.45,14924.75,14920.1,14923.35
1756353600,14925.6,14929.3,14920.25,14922.4
1756353540,14925.15,14932.75,14925.15,14925.4
1756353480,14936.15,14936.65,14924.45,14925.6
1756353420,14938.35,14944.1,14935.5,14936.35
1756353360,14935.2,14940.3,14934.25,14939.05
1756353300,14937.0,14938.05,14930.2,14934.85
1756353240,14951.95,14951.95,14936.05,14936.85
1756353180,14970.55,14970.55,14951.95,14952.5
1756353120,14985.5,14985.5,14969.45,14970.1
1756353060,14994.5,14996.0,14982.85,14985.3
1756353000,15000.75,15003.1,14989.8,14993.9
1756352940,15009.1,15010.25,15000.65,15001.1
1756352880,15016.15,15018.75,15008.95,15008.95
1756352820,15033.05,15035.25,15014.25,15015.05
1756352760,15047.25,15053.8,15032.05,15032.8
1756352700,15091.1,15091.1,15044.7,15049.25
