datetime,open,high,low,close
1756375020,1609.15,1610.95,1607.2,1610.0
1756374840,1607.75,1609.15,1607.6,1609.15
1756374660,1608.4,1608.4,1607.15,1607.85
1756374480,1606.3,1608.45,1605.8,1608.35
1756374300,1605.65,1606.6,1604.15,1606.6
1756374120,1605.6,1605.85,1605.05,1605.8
1756373940,1605.5,1606.6,1605.15,1605.7
1756373760,1603.7,1605.6,1602.45,1605.55
1756373580,1604.1,1604.45,1603.1,1603.75
1756373400,1604.05,1604.6,1603.8,1604.15
1756373220,1605.55,1605.7,1603.75,1603.8
1756373040,1606.45,1606.8,1605.4,1605.6
1756372860,1607.45,1607.6,1606.3,1606.45
1756372680,1607.9,1608.35,1607.0,1607.45
1756372500,1608.05,1608.7,1607.6,1607.9
1756372320,1608.35,1609.1,1608.05,1608.05
1756372140,1609.1,1609.35,1608.3,1608.35
1756371960,1608.9,1609.4,1608.7,1609.1
1756371780,1609.85,1610.0,1608.35,1608.55
1756371600,1610.5,1611.3,1609.8,1609.85
1756371420,1611.1,1611.35,1610.2,1610.5
1756371240,1611.45,1611.45,1610.85,1611.0
1756371060,1611.15,1611.75,1610.8,1611.45
1756370880,1611.1,1611.7,1610.65,1611.2
1756370700,1610.7,1611.5,1610.65,1611.1
1756370520,1610.55,1611.05,1610.35,1610.7
1756370340,1610.0,1610.9,1609.85,1610.55
1756370160,1609.1,1610.15,1608.9,1610.0
1756369980,1611.05,1611.8,1609.0,1609.4
1756369800,1610.1,1611.05,1610.1,1611.05
1756369620,1610.8,1610.95,1609.9,1610.1
1756369440,1610.1,1610.9,1610.0,1610.8
1756369260,1610.35,1611.45,1610.05,1610.1
1756369080,1610.55,1611.2,1610.1,1610.35
1756368900,1610.15,1611.1,1610.0,1610.5
1756368720,1609.8,1610.65,1609.45,1610.15
1756368540,1608.2,1610.15,1608.2,1609.85
1756368360,1609.0,1609.1,1608.2,1608.2
1756368180,1608.95,1609.4,1608.7,1609.0
1756368000,1609.5,1609.65,1608.95,1608.95
1756367820,1608.95,1609.5,1608.5,1609.5
1756367640,1609.1,1609.35,1608.7,1608.95
1756367460,1610.2,1610.2,1608.95,1609.1
1756367280,1610.05,1610.5,1610.0,1610.2
1756367100,1609.2,1610.1,1609.05,1610.05
1756366920,1609.1,1609.8,1609.1,1609.1
1756366740,1608.8,1609.45,1608.5,1609.1
1756366560,1609.55,1609.95,1608.8,1608.8
1756366380,1609.6,1609.85,1609.0,1609.55
1756366200,1609.95,1610.25,1608.5,1609.5
1756366020,1612.35,1612.7,1609.9,1609.95
1756365840,1613.0,1613.05,1612.35,1612.35
1756365660,1612.6,1613.2,1612.6,1613.0
1756365480,1612.8,1613.3,1612.5,1612.6
1756365300,1612.3,1613.25,1611.8,1612.8
1756365120,1612.85,1612.9,1612.3,1612.35
1756364940,1613.3,1613.5,1612.55,1612.85
1756364760,1613.4,1613.65,1612.75,1613.3
1756364580,1613.6,1613.6,1612.8,1613.4
1756364400,1613.75,1614.3,1613.1,1613.6
1756364220,1614.45,1614.5,1613.6,1613.7
1756364040,1613.75,1614.85,1613.75,1614.45
1756363860,1614.2,1614.25,1613.5,1613.85
1756363680,1614.25,1614.8,1613.65,1614.2
1756363500,1614.55,1614.55,1613.8,1614.25
1756363320,1614.65,1615.1,1614.15,1614.55
1756363140,1614.25,1614.7,1613.9,1614.4
1756362960,1614.35,1615.0,1613.9,1614.25
1756362780,1613.2,1614.2,1612.8,1614.15
1756362600,1613.4,1614.05,1613.1,1613.2
1756362420,1613.25,1614.35,1612.95,1613.4
1756362240,1614.95,1614.95,1613.3,1613.3
1756362060,1616.7,1616.75,1614.7,1614.95
1756361880,1618.0,1618.4,1616.15,1616.75
1756361700,1618.7,1618.8,1617.95,1618.0
1756361520,1618.65,1619.15,1618.3,1618.7
1756361340,1617.95,1618.85,1617.75,1618.7
1756361160,1617.45,1618.15,1617.3,1617.95
1756360980,1616.1,1617.75,1616.05,1617.45
1756360800,1616.15,1616.7,1615.8,1616.15
1756360620,1617.45,1618.3,1615.9,1616.1
1756360440,1617.5,1617.9,1617.2,1617.5
1756360260,1617.45,1618.05,1617.35,1617.5
1756360080,1617.2,1617.55,1616.5,1617.45
1756359900,1617.25,1617.55,1616.8,1617.2
1756359720,1616.4,1618.1,1616.05,1616.95
1756359540,1615.45,1616.65,1615.3,1616.4
1756359360,1614.8,1616.0,1614.8,1615.45
1756359180,1615.55,1615.7,1613.85,1614.8
1756359000,1616.25,1617.1,1615.45,1615.55
1756358820,1615.45,1616.55,1615.25,1616.35
1756358640,1616.35,1616.45,1615.2,1615.45
1756358460,1615.95,1616.35,1615.6,1616.35
1756358280,1614.25,1616.6,1614.25,1615.95
1756358100,1614.2,1614.55,1613.55,1614.2
1756357920,1613.2,1614.3,1613.05,1614.15
1756357740,1613.8,1614.25,1612.55,1613.2
1756357560,1613.15,1614.45,1612.55,1613.8
1756357380,1610.9,1613.25,1610.9,1613.15
1756357200,1611.35,1612.2,1610.65,1610.9
1756357020,1612.0,1613.35,1611.45,1611.6
1756356840,1610.5,1612.7,1610.35,1612.0
1756356660,1608.7,1610.55,1608.35,1610.55
1756356480,1611.1,1611.35,1608.25,1608.8
1756356300,1611.35,1612.0,1610.55,1611.1
1756356120,1611.7,1612.1,1610.85,1611.5
1756355940,1612.15,1612.15,1609.9,1611.7
1756355760,1614.25,1614.4,1611.35,1612.05
1756355580,1611.35,1615.25,1611.35,1614.0
1756355400,1612.35,1612.65,1610.85,1611.4
1756355220,1612.05,1612.9,1611.0,1612.35
1756355040,1613.5,1613.75,1611.85,1611.85
1756354860,1610.55,1614.4,1610.35,1613.65
1756354680,1608.75,1611.1,1608.5,1610.65
1756354500,1606.05,1609.4,1605.95,1608.95
1756354320,1605.25,1606.3,1604.7,1606.05
1756354140,1600.6,1605.45,1600.6,1605.1
1756353960,1598.3,1600.95,1598.3,1600.4
1756353780,1599.95,1600.1,1597.7,1598.4
1756353600,1602.25,1602.35,1599.25,1600.15
1756353420,1602.55,1603.7,1601.8,1602.15
1756353240,1603.2,1603.2,1600.55,1602.8
1756353060,1608.55,1608.75,1601.65,1603.2
1756352880,1606.95,1610.15,1606.3,1608.45
1756352700,1610.75,1612.9,1605.4,1607.0
