datetime,open,high,low,close
1756375140,15815.2,15823.45,15813.7,15820.85
1756375080,15813.4,15817.15,15813.15,15814.7
1756375020,15813.0,15814.75,15811.8,15814.75
1756374960,15811.8,15814.75,15811.55,15812.95
1756374900,15810.65,15814.2,15810.65,15811.45
1756374840,15808.45,15811.55,15807.15,15811.2
1756374780,15809.6,15810.1,15807.4,15808.0
1756374720,15811.6,15812.15,15808.9,15809.35
1756374660,15807.65,15812.6,15807.15,15811.55
1756374600,15804.1,15807.75,15802.75,15807.4
1756374540,15805.55,15807.15,15803.4,15803.65
1756374480,15807.75,15808.3,15805.05,15805.35
1756374420,15805.6,15808.25,15805.1,15806.9
1756374360,15809.1,15809.65,15804.6,15805.15
1756374300,15811.9,15812.55,15808.3,15808.35
1756374240,15806.9,15812.05,15806.9,15811.65
1756374180,15813.2,15814.15,15806.3,15807.0
1756374120,15807.55,15813.45,15807.45,15812.7
1756374060,15812.6,15812.65,15806.65,15807.15
1756374000,15810.5,15813.1,15809.0,15812.5
1756373940,15811.3,15811.3,15808.75,15810.0
1756373880,15811.25,15812.5,15810.4,15810.8
1756373820,15813.95,15814.8,15810.95,15811.1
1756373760,15816.6,15818.2,15813.1,15813.65
1756373700,15815.55,15817.5,15813.8,15816.65
1756373640,15820.85,15820.85,15815.05,15815.9
1756373580,15827.25,15827.25,15820.25,15820.9
1756373520,15823.8,15828.65,15822.6,15827.35
1756373460,15827.65,15827.7,15822.55,15823.7
1756373400,15837.05,15838.8,15826.95,15827.8
1756373340,15835.2,15836.45,15833.55,15835.9
1756373280,15838.45,15838.9,15834.45,15835.45
1756373220,15835.05,15838.85,15833.2,15838.65
1756373160,15833.8,15835.45,15832.65,15835.45
1756373100,15837.8,15839.05,15833.25,15834.2
1756373040,15832.2,15840.15,15832.2,15838.55
1756372980,15834.95,15836.05,15832.05,15832.95
1756372920,15834.4,15835.45,15833.9,15835.3
1756372860,15838.6,15838.8,15833.6,15834.85
1756372800,15833.05,15838.85,15832.3,15838.75
1756372740,15835.15,15836.3,15831.15,15833.2
1756372680,15835.95,15837.15,15833.7,15835.0
1756372620,15838.0,15838.1,15832.55,15836.4
1756372560,15845.1,15845.1,15836.05,15837.75
1756372500,15847.6,15847.75,15842.7,15844.65
1756372440,15847.65,15849.25,15846.8,15847.05
1756372380,15853.25,15853.5,15847.65,15847.65
1756372320,15853.5,15856.05,15853.0,15853.3
1756372260,15855.15,15856.65,15853.0,15853.4
1756372200,15858.7,15859.9,15855.1,15855.35
1756372140,15857.7,15859.95,15856.8,15858.55
1756372080,15861.35,15861.35,15857.25,15857.75
1756372020,15858.3,15861.35,15858.25,15861.35
1756371960,15852.65,15859.55,15852.05,15858.35
1756371900,15855.05,15855.8,15851.75,15852.25
1756371840,15857.85,15857.85,15854.55,15854.9
1756371780,15862.1,15862.1,15856.65,15857.75
1756371720,15874.95,15875.15,15861.65,15862.1
1756371660,15873.95,15875.65,15873.3,15874.85
1756371600,15876.85,15877.0,15873.05,15873.75
1756371540,15872.15,15878.45,15872.15,15877.1
1756371480,15867.85,15871.85,15866.55,15871.85
1756371420,15875.8,15875.8,15866.1,15867.7
1756371360,15881.5,15881.5,15874.2,15875.95
1756371300,15883.65,15884.15,15881.4,15881.6
1756371240,15884.65,15885.0,15882.45,15883.55
1756371180,15878.0,15885.15,15877.9,15884.6
1756371120,15878.8,15879.45,15876.95,15878.05
1756371060,15875.85,15878.85,15875.75,15878.85
1756371000,15875.75,15876.2,15874.45,15875.85
1756370940,15876.4,15876.7,15874.85,15875.5
1756370880,15876.25,15876.5,15874.25,15876.5
1756370820,15874.8,15876.3,15874.0,15876.15
1756370760,15873.65,15876.2,15873.65,15874.6
1756370700,15873.2,15873.85,15870.35,15873.8
1756370640,15873.15,15873.9,15871.1,15872.95
1756370580,15877.1,15877.15,15871.65,15873.35
1756370520,15873.85,15877.9,15873.85,15877.15
1756370460,15867.7,15874.5,15867.55,15873.95
1756370400,15861.65,15869.2,15861.6,15867.85
1756370340,15861.3,15861.65,15859.85,15861.65
1756370280,15860.4,15861.85,15860.1,15861.6
1756370220,15857.85,15860.75,15857.75,15860.75
1756370160,15852.1,15857.9,15852.1,15857.8
1756370100,15852.6,15852.6,15850.0,15852.2
1756370040,15856.4,15856.4,15851.75,15852.25
1756369980,15858.55,15858.75,15855.7,15856.2
1756369920,15857.6,15859.3,15856.85,15858.55
1756369860,15858.6,15858.7,15855.75,15857.85
1756369800,15852.55,15858.45,15852.15,15858.45
1756369740,15851.4,15852.5,15850.65,15852.2
1756369680,15850.0,15851.3,15848.75,15851.25
1756369620,15848.65,15850.25,15847.8,15849.9
1756369560,15848.6,15849.25,15846.95,15848.9
1756369500,15848.8,15850.75,15847.65,15848.65
1756369440,15849.25,15851.15,15848.0,15849.2
1756369380,15851.8,15852.05,15847.9,15849.35
1756369320,15855.7,15855.75,15851.1,15851.8
1756369260,15855.1,15856.45,15854.2,15855.7
1756369200,15855.25,15855.7,15854.0,15855.05
1756369140,15855.15,15855.75,15853.8,15855.65
1756369080,15855.85,15857.3,15854.9,15855.25
1756369020,15853.2,15856.0,15852.1,15856.0
1756368960,15854.35,15855.7,15851.6,15853.15
1756368900,15854.5,15855.3,15853.1,15854.55
1756368840,15854.35,15854.35,15852.0,15854.15
1756368780,15850.75,15854.4,15848.9,15854.1
1756368720,15849.8,15851.35,15848.25,15850.85
1756368660,15858.9,15858.9,15848.7,15849.7
1756368600,15856.95,15860.1,15856.9,15859.5
1756368540,15853.55,15857.3,15852.9,15856.9
1756368480,15851.55,15853.15,15850.6,15853.1
1756368420,15852.35,15852.55,15850.3,15851.6
1756368360,15849.65,15852.9,15849.65,15852.45
1756368300,15851.4,15851.65,15848.3,15849.7
1756368240,15854.1,15854.2,15850.7,15851.25
1756368180,15859.15,15859.6,15853.45,15854.15
1756368120,15860.75,15861.05,15858.9,15859.1
1756368060,15863.05,15863.3,15860.45,15860.6
1756368000,15862.45,15863.75,15861.05,15863.35
1756367940,15860.85,15863.85,15859.95,15862.4
1756367880,15863.95,15864.05,15859.55,15861.1
1756367820,15864.4,15864.65,15862.85,15864.25
1756367760,15864.45,15865.1,15863.05,15864.3
1756367700,15860.8,15864.6,15859.9,15864.4
1756367640,15860.65,15861.0,15859.1,15860.7
1756367580,15862.4,15863.4,15860.25,15860.65
1756367520,15860.7,15862.95,15860.45,15862.65
1756367460,15862.5,15862.5,15860.05,15861.0
1756367400,15863.6,15863.7,15861.95,15862.8
1756367340,15864.15,15864.15,15862.25,15863.45
1756367280,15867.95,15867.95,15863.55,15863.9
1756367220,15868.5,15868.75,15866.4,15868.1
1756367160,15865.6,15868.6,15865.6,15868.6
1756367100,15864.85,15865.9,15864.2,15865.6
1756367040,15865.15,15865.85,15863.55,15864.05
1756366980,15864.2,15866.75,15864.1,15865.2
1756366920,15862.9,15864.85,15862.4,15864.4
1756366860,15861.65,15863.3,15861.2,15862.9
1756366800,15859.4,15862.1,15858.85,15861.65
1756366740,15857.85,15860.05,15856.8,15859.85
1756366680,15859.55,15859.55,15856.15,15858.05
1756366620,15861.1,15861.7,15859.2,15859.75
1756366560,15865.8,15865.8,15860.7,15861.35
1756366500,15867.45,15868.65,15865.15,15865.8
1756366440,15865.45,15867.05,15864.1,15867.05
1756366380,15866.8,15866.8,15864.65,15865.1
1756366320,15867.9,15870.05,15866.2,15866.9
1756366260,15871.8,15872.15,15867.9,15868.15
1756366200,15876.9,15877.15,15871.8,15872.0
1756366140,15882.0,15882.0,15874.85,15876.65
1756366080,15884.95,15884.95,15882.05,15882.15
1756366020,15885.6,15885.7,15883.9,15884.85
1756365960,15885.05,15885.9,15884.4,15885.7
1756365900,15885.6,15886.8,15884.75,15885.1
1756365840,15886.45,15886.85,15884.85,15885.85
1756365780,15883.85,15886.3,15882.65,15886.3
1756365720,15886.35,15886.55,15883.8,15883.9
1756365660,15885.95,15886.95,15885.4,15886.35
1756365600,15886.45,15886.6,15885.3,15886.15
1756365540,15887.05,15887.25,15885.3,15886.35
1756365480,15887.3,15888.8,15887.1,15887.45
1756365420,15888.2,15888.25,15886.95,15887.3
1756365360,15887.2,15888.4,15886.6,15888.2
1756365300,15884.75,15887.45,15884.75,15887.2
1756365240,15885.85,15886.6,15884.55,15885.15
1756365180,15886.6,15887.45,15885.1,15885.65
1756365120,15886.4,15887.25,15885.45,15886.75
1756365060,15885.25,15886.45,15884.1,15886.45
1756365000,15887.4,15887.6,15884.85,15885.3
1756364940,15888.7,15890.2,15886.9,15887.2
1756364880,15890.35,15890.6,15888.3,15889.0
1756364820,15893.35,15893.55,15890.2,15890.5
1756364760,15895.15,15895.5,15893.0,15893.45
1756364700,15895.5,15896.25,15893.45,15895.05
1756364640,15895.35,15897.05,15894.65,15895.25
1756364580,15893.35,15895.35,15892.0,15895.2
1756364520,15892.7,15893.45,15892.3,15893.4
1756364460,15892.4,15894.5,15892.2,15892.9
1756364400,15893.2,15895.05,15892.4,15892.6
1756364340,15890.7,15893.65,15890.7,15893.25
1756364280,15890.6,15890.95,15889.15,15890.9
1756364220,15893.05,15893.2,15890.3,15890.7
1756364160,15889.75,15894.65,15889.4,15893.25
1756364100,15889.95,15890.35,15888.75,15889.95
1756364040,15889.8,15891.2,15888.55,15889.9
1756363980,15892.75,15892.75,15888.6,15890.05
1756363920,15898.75,15898.75,15892.6,15892.75
1756363860,15902.15,15902.15,15898.85,15898.85
1756363800,15900.95,15902.3,15900.2,15902.2
1756363740,15904.3,15904.3,15900.85,15901.15
1756363680,15907.85,15908.0,15904.05,15904.4
1756363620,15909.35,15909.55,15906.9,15907.9
1756363560,15914.75,15915.25,15909.3,15909.3
1756363500,15914.25,15916.25,15914.25,15914.95
1756363440,15915.8,15916.7,15913.75,15914.05
1756363380,15914.3,15916.25,15913.65,15915.75
1756363320,15916.1,15916.1,15913.65,15914.3
1756363260,15913.95,15917.05,15913.65,15916.1
1756363200,15914.4,15915.8,15913.0,15914.05
1756363140,15913.65,15915.0,15913.55,15914.6
1756363080,15917.5,15917.55,15912.85,15913.6
1756363020,15915.55,15917.75,15915.15,15917.15
1756362960,15915.3,15916.5,15913.85,15915.4
1756362900,15912.9,15915.35,15912.3,15915.25
1756362840,15909.15,15912.95,15909.05,15912.85
1756362780,15906.0,15909.55,15905.65,15909.05
1756362720,15908.55,15908.55,15905.3,15906.0
1756362660,15911.6,15911.75,15907.8,15908.35
1756362600,15911.35,15912.05,15909.95,15911.5
1756362540,15910.9,15913.0,15910.75,15911.25
1756362480,15912.7,15913.3,15909.8,15910.85
1756362420,15911.85,15913.1,15910.6,15912.7
1756362360,15916.35,15916.65,15911.85,15912.15
1756362300,15917.1,15917.1,15914.4,15916.3
1756362240,15926.9,15926.9,15916.95,15917.15
1756362180,15929.25,15929.25,15926.5,15926.55
1756362120,15927.85,15929.55,15927.85,15929.2
1756362060,15930.2,15930.4,15927.7,15927.8
1756362000,15930.5,15931.55,15930.0,15930.45
1756361940,15929.3,15931.15,15928.9,15930.6
1756361880,15930.2,15930.65,15927.85,15929.3
1756361820,15930.2,15932.05,15930.2,15930.25
1756361760,15928.75,15930.2,15927.05,15930.1
1756361700,15931.45,15931.9,15928.4,15928.45
1756361640,15932.3,15932.6,15931.35,15931.75
1756361580,15931.6,15932.25,15929.45,15932.25
1756361520,15932.75,15933.45,15930.4,15931.65
1756361460,15932.25,15934.2,15932.1,15932.7
1756361400,15930.3,15933.9,15930.3,15932.2
1756361340,15935.35,15935.5,15929.85,15930.45
1756361280,15932.75,15935.55,15932.3,15935.3
1756361220,15936.1,15936.1,15932.3,15932.95
1756361160,15935.3,15936.5,15934.45,15936.1
1756361100,15932.15,15936.65,15932.15,15935.3
1756361040,15928.9,15932.3,15928.5,15932.3
1756360980,15927.4,15931.6,15927.1,15928.6
1756360920,15924.4,15927.4,15923.95,15927.35
1756360860,15922.0,15925.35,15922.0,15924.0
1756360800,15920.6,15922.55,15920.3,15921.95
1756360740,15923.35,15923.45,15920.6,15920.75
1756360680,15923.05,15924.55,15922.6,15923.25
1756360620,15927.4,15927.4,15922.6,15923.2
1756360560,15929.8,15930.05,15926.85,15927.3
1756360500,15927.75,15929.65,15927.0,15929.65
1756360440,15929.1,15930.8,15927.15,15927.5
1756360380,15926.3,15929.4,15926.05,15929.4
1756360320,15928.8,15928.8,15923.75,15925.6
1756360260,15929.2,15929.75,15926.95,15928.9
1756360200,15924.45,15929.7,15924.45,15929.25
1756360140,15927.35,15927.35,15921.75,15924.65
1756360080,15928.85,15929.65,15926.9,15927.15
1756360020,15926.2,15929.1,15925.0,15928.9
1756359960,15927.85,15928.6,15925.7,15926.2
1756359900,15927.25,15928.6,15926.55,15927.8
1756359840,15930.35,15930.4,15926.65,15927.2
1756359780,15929.3,15930.75,15928.85,15930.4
1756359720,15926.5,15930.65,15925.75,15929.55
1756359660,15924.25,15926.7,15921.15,15926.7
1756359600,15930.0,15931.15,15924.1,15925.05
1756359540,15932.2,15932.2,15929.05,15930.1
1756359480,15932.85,15933.1,15930.75,15932.45
1756359420,15942.25,15942.65,15933.2,15933.2
1756359360,15940.7,15942.9,15940.7,15942.25
1756359300,15931.9,15940.9,15931.65,15940.8
1756359240,15933.9,15934.8,15930.1,15931.7
1756359180,15932.4,15933.75,15931.6,15933.7
1756359120,15932.25,15933.65,15931.55,15932.45
1756359060,15932.2,15933.25,15931.0,15932.25
1756359000,15935.75,15936.55,15932.15,15932.15
1756358940,15938.25,15938.35,15935.2,15935.7
1756358880,15928.9,15938.7,15928.9,15938.3
1756358820,15923.35,15928.5,15923.35,15928.5
1756358760,15920.3,15923.45,15920.0,15923.45
1756358700,15926.4,15926.4,15919.65,15920.5
1756358640,15923.4,15926.5,15923.05,15926.3
1756358580,15923.1,15924.0,15920.75,15923.45
1756358520,15924.35,15924.9,15922.15,15923.35
1756358460,15927.15,15927.15,15923.6,15924.4
1756358400,15926.25,15927.65,15924.5,15927.1
1756358340,15924.7,15927.2,15924.7,15926.0
1756358280,15920.1,15924.4,15920.1,15924.2
1756358220,15916.6,15920.65,15916.5,15920.25
1756358160,15912.7,15916.9,15912.65,15916.25
1756358100,15909.4,15912.8,15909.15,15912.75
1756358040,15908.65,15911.05,15908.65,15909.3
1756357980,15906.05,15908.45,15904.25,15908.45
1756357920,15912.85,15912.85,15905.6,15905.95
1756357860,15913.9,15914.0,15912.1,15912.6
1756357800,15912.15,15913.9,15911.05,15913.35
1756357740,15918.55,15919.0,15912.45,15912.5
1756357680,15918.15,15919.85,15918.15,15918.55
1756357620,15919.6,15920.15,15917.0,15918.3
1756357560,15918.95,15924.55,15918.95,15919.5
1756357500,15915.4,15920.45,15914.1,15919.1
1756357440,15906.45,15915.65,15906.45,15914.6
1756357380,15904.15,15906.8,15904.05,15906.1
1756357320,15900.05,15903.9,15899.7,15903.9
1756357260,15901.8,15901.9,15898.55,15900.2
1756357200,15901.6,15902.3,15900.55,15901.6
1756357140,15903.4,15903.7,15900.65,15901.35
1756357080,15897.2,15903.65,15896.85,15903.65
1756357020,15891.85,15897.35,15891.4,15897.05
1756356960,15891.5,15893.9,15891.5,15891.95
1756356900,15892.65,15892.65,15890.35,15891.35
1756356840,15890.35,15894.4,15889.85,15892.65
1756356780,15884.55,15890.0,15883.6,15889.95
1756356720,15880.5,15884.6,15878.8,15884.6
1756356660,15879.15,15881.35,15877.3,15880.25
1756356600,15884.3,15884.35,15878.75,15879.05
1756356540,15888.6,15888.6,15883.85,15884.4
1756356480,15897.5,15897.8,15888.9,15888.9
1756356420,15899.4,15900.5,15897.2,15897.7
1756356360,15894.8,15900.2,15894.65,15899.4
1756356300,15891.2,15895.25,15890.0,15894.85
1756356240,15894.45,15895.45,15891.15,15891.25
1756356180,15900.6,15901.0,15894.65,15894.65
1756356120,15901.15,15903.7,15900.3,15900.3
1756356060,15898.85,15903.3,15898.85,15901.05
1756356000,15894.1,15898.75,15892.85,15898.75
1756355940,15904.65,15904.65,15893.5,15894.35
1756355880,15908.5,15908.5,15904.75,15905.25
1756355820,15914.45,15915.55,15908.4,15908.45
1756355760,15909.0,15915.3,15908.4,15914.5
1756355700,15910.85,15911.9,15907.75,15908.95
1756355640,15907.5,15913.6,15907.5,15910.7
1756355580,15898.7,15907.75,15898.6,15907.7
1756355520,15898.05,15899.5,15896.65,15898.35
1756355460,15896.9,15898.9,15890.65,15898.0
1756355400,15895.05,15899.6,15895.05,15897.05
1756355340,15889.5,15895.15,15888.85,15894.8
1756355280,15883.25,15890.65,15882.5,15889.6
1756355220,15885.45,15886.45,15878.45,15883.1
1756355160,15888.65,15888.65,15882.8,15885.6
1756355100,15896.25,15896.4,15888.3,15888.65
1756355040,15894.15,15896.1,15892.45,15896.1
1756354980,15893.65,15898.2,15893.5,15894.4
1756354920,15878.65,15894.05,15878.35,15893.8
1756354860,15868.75,15879.15,15868.65,15878.35
1756354800,15864.3,15870.05,15863.9,15868.4
1756354740,15858.75,15864.05,15855.65,15864.05
1756354680,15872.85,15872.85,15858.75,15858.75
1756354620,15878.5,15878.7,15871.0,15873.0
1756354560,15876.85,15879.9,15875.5,15878.7
1756354500,15869.9,15877.2,15866.4,15876.95
1756354440,15866.6,15872.2,15866.6,15869.85
1756354380,15863.15,15866.8,15857.35,15866.8
1756354320,15867.7,15871.4,15863.35,15863.35
1756354260,15876.1,15876.1,15860.65,15866.4
1756354200,15850.15,15876.6,15850.0,15875.95
1756354140,15836.95,15852.5,15836.95,15850.2
1756354080,15835.7,15837.4,15834.1,15837.4
1756354020,15836.1,15839.6,15834.05,15835.7
1756353960,15835.7,15843.35,15835.7,15836.35
1756353900,15824.3,15835.9,15821.3,15835.65
1756353840,15826.1,15827.4,15824.15,15824.5
1756353780,15831.85,15832.25,15826.1,15826.1
1756353720,15831.55,15833.25,15825.7,15831.95
1756353660,15833.5,15834.1,15829.25,15830.6
1756353600,15838.7,15840.55,15833.05,15833.4
1756353540,15837.2,15843.85,15836.85,15838.6
1756353480,15846.1,15846.95,15837.4,15837.55
1756353420,15845.3,15852.65,15842.6,15846.1
1756353360,15843.95,15849.7,15843.05,15845.8
1756353300,15840.65,15846.25,15836.4,15844.1
1756353240,15855.95,15855.95,15840.3,15840.55
1756353180,15870.25,15870.4,15855.7,15856.4
1756353120,15885.55,15885.55,15870.25,15870.55
1756353060,15896.85,15896.95,15883.1,15885.4
1756353000,15903.1,15903.1,15891.7,15896.45
1756352940,15904.7,15907.25,15901.75,15902.5
1756352880,15915.15,15918.3,15905.55,15905.55
1756352820,15925.6,15929.45,15914.55,15914.65
1756352760,15948.9,15954.25,15925.35,15925.95
1756352700,15981.2,15981.2,15947.3,15949.4
